100
60 120
58 19 43
1 31 43
11 23 30
23 25 30
13 30 30
22 50 43
26 56 43
15 51 30
22 47 43
57 55 30
60 15 43
1 21 43
22 4 43
60 41 43
27 8 43
1 31 43
45 50 30
26 25 20
45 19 35
11 37 30
51 12 20
45 57 30
20 53 43
14 25 30
26 36 30
31 24 43
48 11 30
60 22 43
33 25 43
60 54 43
3 1 43
23 21 30
53 21 43
9 17 43
55 7 43
54 43 43
38 43 43
6 29 30
39 35 30
40 32 35
2 9 43
4 23 30
49 60 43
34 37 30
48 42 34
42 14 34
20 39 30
8 34 34
2 28 43
43 48 43
2 44 43
4 35 30
18 2 43
37 60 43
38 45 30
44 50 30
3 2 43
43 28 43
14 9 43
39 38 34
16 11 30
27 44 43
9 40 43
44 45 30
47 15 30
56 16 43
49 37 30
4 50 30
46 29 43
55 1 43
37 22 43
23 26 30
53 47 43
57 39 34
36 17 43
54 18 30
25 16 30
42 48 34
11 38 30
10 54 43
17 54 43
19 42 30
53 30 43
3 46 3
28 5 43
52 51 30
56 14 43
8 28 43
40 55 30
17 34 43
38 43 43
47 20 20
13 28 43
18 1 43
32 8 30
53 17 43
13 24 43
27 57 43
55 21 30
29 21 34
40 60 43
45 5 30
58 27 27
32 38 30
33 32 43
37 16 30
39 14 34
3 16 30
23 21 30
50 16 30
3 48 30
22 19 43
52 34 30
2 4 43
24 35 43
38 52 30
31 53 43
24 14 43
29 2 43
58 8 43
55 50
37 23 4
44 45 42
2 26 13
16 7 4
40 36 4
17 16 4
2 34 4
41 33 42
52 26 26
6 40 4
8 14 42
5 51 4
54 7 4
18 41 4
1 16 4
37 6 4
28 38 4
16 5 4
40 20 4
3 10 4
14 36 4
44 54 4
37 2 4
41 52 13
26 41 13
29 55 5
51 49 4
51 17 4
39 36 4
22 38 4
35 22 4
28 43 4
46 32 13
31 22 4
15 7 4
6 40 4
15 49 4
17 23 4
55 9 5
41 17 4
18 53 4
31 35 4
7 40 42
8 17 4
34 24 4
4 19 4
6 39 4
50 31 4
32 38 42
26 44 13
60 120
12 15 3
4 26 58
17 24 3
56 40 12
47 22 3
60 57 3
23 45 3
60 4 58
37 28 52
60 52 52
47 5 3
44 10 52
45 22 3
18 21 3
46 18 3
49 40 52
43 19 19
3 14 3
34 56 48
59 8 48
9 17 3
11 39 3
10 12 3
39 6 3
50 24 58
18 54 3
39 54 3
13 5 5
12 37 3
48 32 3
58 60 58
54 51 58
13 5 5
54 36 48
48 20 48
15 29 52
12 46 3
44 48 48
6 52 52
16 6 52
7 11 3
43 10 48
14 55 14
11 36 3
7 8 48
32 23 3
45 36 3
57 55 3
56 44 48
21 16 58
57 32 3
37 23 52
40 27 3
28 20 52
55 29 3
33 52 52
28 24 58
25 38 48
2 45 3
14 55 14
52 42 52
12 3 3
4 22 3
3 47 3
16 25 48
14 22 9
39 9 30
35 17 3
20 9 3
30 11 3
51 23 51
7 60 58
37 35 29
31 39 3
42 17 3
32 25 3
46 58 3
22 54 3
25 3 3
8 17 3
9 3 3
40 32 3
7 59 58
30 20 52
40 50 52
28 35 52
2 25 48
38 47 3
60 49 58
35 41 29
31 48 48
6 12 3
54 40 52
41 33 52
59 28 58
33 47 3
15 13 52
43 14 3
58 34 58
20 37 52
56 33 48
30 37 52
20 48 48
60 34 58
24 13 52
25 34 48
38 59 48
41 11 3
40 22 3
50 47 3
57 43 39
43 16 48
34 60 58
19 56 19
50 31 52
21 57 3
33 57 3
11 58 3
6 31 29
11 32 3
56 12
9 32 4
51 16 41
21 6 23
12 2 11
47 53 2
15 37 41
23 20 49
49 31 49
19 34 49
20 1 49
55 9 11
51 4 49
60 120
6 41 55
57 12 11
33 17 32
49 35 32
31 59 32
12 19 32
21 30 32
6 24 32
16 46 48
3 16 32
60 43 32
58 2 32
4 56 11
20 9 9
24 27 48
33 47 32
37 21 48
18 45 32
1 12 32
17 11 32
55 50 32
43 38 32
59 5 32
60 31 32
39 19 32
9 31 32
46 21 48
41 14 32
33 57 9
37 30 32
16 45 53
39 55 11
57 20 11
38 43 32
56 39 11
58 60 32
20 23 32
7 32 32
11 53 32
50 60 32
27 4 32
47 25 32
46 14 48
36 20 32
6 38 55
11 8 9
43 57 32
51 17 32
44 3 9
43 60 32
34 53 53
33 31 32
19 18 32
39 23 32
12 35 11
25 14 32
39 13 11
5 32 32
29 40 40
60 32 32
21 47 53
19 18 32
58 20 32
27 12 32
60 38 9
36 19 48
19 46 48
15 36 48
41 16 32
47 40 53
12 18 11
47 46 48
26 25 32
30 26 32
35 5 32
17 38 32
57 35 35
8 50 32
55 58 32
28 33 32
41 16 32
53 27 48
33 39 9
25 2 9
25 11 9
4 31 32
34 52 48
22 60 9
58 5 32
27 9 32
46 54 32
9 57 9
40 51 48
24 8 32
2 19 32
41 11 11
40 54 32
43 1 53
45 44 32
48 50 48
7 48 32
20 35 11
38 13 55
20 7 11
20 13 11
9 50 32
19 34 48
58 46 32
29 47 53
44 59 9
51 25 32
45 56 32
38 39 11
24 32 32
44 28 32
51 60 32
15 30 32
57 13 55
44 26 32
47 4 32
8 37
5 3 4
1 7 4
1 2 2
7 3 4
2 5 2
7 1 4
6 1 2
7 8 4
6 4 2
2 6 2
7 1 4
1 6 2
8 5 4
3 5 4
8 3 3
6 4 2
4 8 4
6 3 8
4 2 2
6 3 2
4 2 2
6 8 2
7 4 4
5 8 4
1 5 4
4 6 2
8 3 3
3 2 7
8 2 2
6 5 2
3 8 3
4 1 4
3 4 4
6 3 2
7 3 4
5 6 2
7 1 4
12 9
1 5 7
11 2 6
9 4 12
8 12 6
10 1 7
4 3 12
3 10 6
8 11 8
2 5 10
47 72
32 16 2
28 39 2
2 45 2
42 5 26
13 42 26
6 31 26
11 42 26
8 3 17
47 20 26
16 11 26
15 39 8
41 23 26
25 32 26
12 20 34
3 23 26
17 2 26
47 10 26
4 22 26
18 35 26
34 16 2
7 25 26
45 43 2
47 25 42
1 21 26
13 27 13
36 19 6
29 31 26
32 11 26
23 12 26
29 41 2
6 30 40
39 29 8
15 5 26
28 32 2
26 43 26
37 11 26
25 12 26
16 1 35
38 9 43
38 40 2
36 22 2
38 35 26
24 37 26
7 17 15
25 23 33
16 25 28
29 3 2
32 21 26
16 45 2
2 37 2
31 3 11
3 6 2
45 13 26
33 15 34
34 35 26
16 47 26
4 28 26
44 41 2
26 14 26
35 41 26
6 28 2
35 28 26
14 39 2
44 21 21
9 15 34
44 12 26
19 46 2
43 11 26
3 21 45
38 42 34
16 45 2
2 26 26
41 112
19 38 15
13 27 15
14 22 15
5 34 33
7 39 15
19 6 27
13 36 15
34 9 15
41 31 15
27 34 15
21 35 4
26 31 31
6 28 15
37 17 27
24 27 15
41 6 15
11 35 10
1 20 15
31 26 31
25 30 15
33 3 15
25 17 15
23 21 15
22 18 15
7 37 4
28 14 15
35 27 15
16 38 15
24 34 15
27 26 15
26 17 15
15 24 15
22 35 15
26 5 15
15 1 15
13 25 33
28 33 33
21 11 15
29 36 4
18 20 27
41 21 15
32 8 8
10 5 8
21 11 15
39 29 15
24 12 15
18 29 27
28 5 8
2 36 15
18 33 15
4 32 15
26 34 15
35 7 15
25 26 15
7 33 15
31 34 15
30 19 30
9 7 4
18 39 15
3 1 15
11 12 33
35 17 15
8 3 15
27 34 15
9 12 15
2 20 15
6 16 27
17 26 15
8 13 8
21 11 15
1 17 15
13 21 15
26 17 15
36 33 15
32 28 32
29 14 30
18 38 15
9 32 15
32 37 15
4 40 4
30 2 15
13 39 8
2 8 15
4 3 4
26 24 15
37 20 30
30 27 27
15 26 15
14 21 3
11 16 15
35 24 15
8 18 15
19 35 15
39 17 15
7 39 15
6 30 27
2 20 15
6 32 15
19 22 15
23 14 15
16 37 30
1 11 33
8 22 15
18 36 4
18 21 4
1 41 33
25 23 33
21 19 4
11 31 15
17 7 4
16 9 33
5 11 8
7 81
2 5 2
4 3 2
4 3 2
4 3 2
6 7 7
1 4 2
1 5 2
6 1 2
1 6 2
2 5 2
7 3 2
7 4 7
7 6 7
1 2 2
7 3 2
1 6 2
3 2 2
3 4 2
2 5 2
6 1 2
4 3 2
7 4 7
5 1 2
7 2 2
5 2 2
4 2 2
4 7 7
5 3 2
3 7 2
4 3 2
4 7 7
6 3 2
5 7 7
1 7 2
2 3 2
2 3 2
2 5 2
3 7 2
5 3 2
6 1 2
5 1 2
6 4 6
2 6 2
2 3 2
6 7 7
2 4 2
2 1 2
6 1 2
5 2 2
2 6 2
2 3 2
6 3 2
7 6 7
3 6 2
6 3 2
3 5 2
4 2 2
7 2 2
5 4 7
5 3 2
6 4 6
1 6 2
3 2 2
7 5 7
4 1 2
7 4 7
4 6 6
2 3 2
4 5 7
7 6 7
6 3 2
1 2 2
3 1 2
6 3 2
1 7 2
2 7 2
5 7 7
5 6 7
1 7 2
5 1 2
5 6 7
60 120
14 1 13
50 14 23
1 34 57
31 21 57
34 52 57
51 42 22
60 21 22
21 45 13
52 20 13
34 46 57
3 33 13
41 58 13
26 39 13
16 32 13
36 48 13
19 9 22
47 44 22
57 8 13
40 23 13
16 30 22
38 49 13
28 22 22
51 16 22
40 41 22
24 42 57
9 59 13
19 42 57
44 8 13
29 59 13
21 48 22
55 16 22
51 19 22
34 5 13
41 36 13
33 60 13
21 33 13
39 20 13
32 33 23
3 41 6
42 21 42
18 45 13
17 55 13
9 48 9
14 22 13
33 56 13
1 47 6
48 33 13
32 9 13
50 22 13
17 53 13
54 44 22
16 41 22
52 44 22
60 52 22
56 50 13
33 21 13
47 7 22
37 9 9
39 24 22
3 56 22
28 43 28
53 27 13
23 2 23
23 39 13
15 13 13
59 16 13
40 44 16
9 18 22
10 27 13
46 51 22
40 59 13
10 27 13
3 7 22
11 50 13
14 40 13
14 21 13
13 15 13
15 25 13
44 46 22
34 5 13
42 27 13
38 47 22
20 55 13
14 15 59
2 59 23
52 35 22
54 43 6
32 13 13
30 49 13
35 52 22
55 2 13
49 26 36
44 4 13
25 22 22
55 36 13
46 3 6
52 26 13
42 11 22
55 12 22
4 1 13
32 30 13
3 46 6
59 56 13
42 59 13
51 29 22
15 1 13
52 33 13
46 7 22
10 8 13
24 44 22
53 13 13
35 22 22
45 43 13
18 3 6
33 23 23
3 58 13
46 7 22
58 42 13
54 31 6
1 34 57
6 3
2 4 3
6 5 4
1 2 6
3 1
1 2 3
12 86
3 10 9
6 10 1
9 1 9
11 1 9
9 4 9
2 3 9
4 1 1
2 5 5
3 2 9
3 9 9
12 10 12
11 8 9
9 1 9
3 9 9
10 4 1
4 12 12
8 10 9
8 4 9
10 12 12
12 7 9
5 4 5
2 10 1
7 4 9
1 5 1
3 5 7
10 8 9
5 4 5
9 12 9
5 2 5
9 10 9
7 9 9
3 12 9
2 3 9
4 11 9
12 3 3
7 3 9
1 3 9
11 9 9
6 1 1
3 1 9
10 2 1
9 1 9
4 11 9
5 1 1
6 8 9
11 4 9
7 5 9
4 11 9
3 7 9
1 11 9
3 7 9
1 3 9
7 1 9
12 11 9
5 6 1
3 10 9
1 5 1
4 12 12
4 10 1
4 12 12
11 2 9
3 11 9
3 11 9
8 6 9
8 2 9
8 11 9
4 3 9
9 1 9
6 11 9
8 3 3
1 10 1
7 4 9
5 6 1
7 5 9
5 7 9
4 12 12
2 11 9
3 6 9
7 8 9
5 2 5
5 6 1
5 8 9
7 9 9
10 9 9
6 5 1
5 7 9
28 115
27 19 18
14 11 18
18 23 28
16 2 28
23 5 28
9 11 28
6 3 18
25 17 28
22 26 28
7 17 7
23 6 28
17 11 28
7 22 28
18 21 28
13 25 28
19 18 18
7 6 28
21 1 28
6 24 28
3 13 28
10 23 23
15 28 28
14 7 28
28 22 28
18 13 28
13 3 28
13 17 13
18 11 18
11 22 22
8 16 28
11 7 28
15 1 23
15 22 28
22 28 28
7 23 28
23 1 23
15 25 28
9 12 28
15 17 28
8 26 28
26 21 28
5 27 18
13 11 28
10 22 28
6 13 28
19 17 28
24 18 28
19 22 22
15 18 28
2 12 18
12 4 18
23 13 28
24 12 28
23 26 23
16 11 28
25 7 28
5 15 28
14 1 28
6 2 18
23 18 28
6 20 28
15 17 28
12 3 3
23 13 28
2 24 28
22 18 18
4 16 28
1 20 1
24 8 28
14 25 18
17 16 16
10 11 28
22 1 28
12 27 18
5 26 28
1 10 23
10 2 28
7 15 28
11 4 18
28 14 28
3 8 28
26 19 28
6 8 28
14 16 28
12 9 28
3 22 18
11 17 28
18 9 28
15 23 23
25 26 28
5 14 18
5 28 28
23 16 28
10 27 28
7 17 7
11 18 18
13 17 13
8 13 28
24 8 28
26 27 28
21 5 28
11 13 28
21 10 28
16 13 16
1 25 28
12 20 28
14 2 18
12 27 18
4 15 28
3 17 28
16 2 28
17 3 28
4 9 28
5 6 18
23 17 28
45 97
20 5 44
7 4 44
1 34 25
7 18 5
45 34 8
17 44 44
22 29 22
39 12 12
41 9 21
6 16 44
19 40 8
22 41 5
33 30 44
14 42 21
27 38 5
16 20 44
10 24 25
36 17 44
31 1 44
35 12 8
1 5 5
28 29 5
40 36 44
20 36 37
15 6 44
5 40 8
14 15 21
42 26 44
31 22 44
34 11 25
24 43 44
22 18 5
14 24 21
31 10 44
38 3 25
45 12 45
22 18 5
35 42 25
7 25 5
38 19 18
31 39 44
1 30 5
32 5 5
37 27 44
19 27 5
41 42 7
17 24 25
15 34 18
2 16 44
39 7 44
5 7 5
42 7 5
19 36 44
27 38 5
38 16 38
3 42 1
2 36 44
41 1 21
4 15 44
4 15 44
19 11 25
27 41 5
29 37 44
7 12 8
1 10 25
17 35 18
40 3 8
8 38 8
35 41 21
22 41 5
32 31 44
3 19 25
45 39 44
21 36 44
10 4 44
43 20 37
12 11 8
44 20 44
20 42 44
5 26 44
35 42 25
19 4 36
22 7 22
37 42 44
20 18 44
17 33 44
20 16 44
7 15 5
5 1 42
33 6 36
40 1 8
14 17 21
45 26 44
8 17 8
25 38 25
39 2 39
1 24 25
53 12
51 33 49
25 30 4
7 19 50
14 26 53
32 48 50
50 18 50
49 47 50
27 31 50
23 49 50
37 15 50
29 11 47
36 33 50
36 53
26 30 1
31 14 11
7 17 32
14 15 1
1 15 1
33 23 32
7 9 32
33 15 1
26 13 26
23 35 32
2 1 1
5 30 5
11 7 32
12 25 1
10 14 1
36 6 32
31 27 1
32 1 32
6 21 32
29 28 32
32 13 32
8 29 32
9 25 32
6 30 32
13 4 25
27 7 32
32 17 32
36 17 36
23 25 32
14 4 1
2 6 32
1 26 1
8 11 5
24 4 32
35 27 20
15 9 32
5 36 5
20 34 32
9 30 32
18 33 20
3 7 32
29 35 32
22 25 32
19 3 1
21 17 32
15 35 1
13 7 32
34 32 32
36 5 5
36 19 10
21 27 32
7 16 32
17 22 32
3 3
1 2 2
2 3 3
3 1 1
50 107
27 31 10
19 39 1
20 31 49
15 9 10
36 19 19
36 20 10
1 13 10
46 29 10
25 14 10
10 8 10
32 24 49
15 5 10
47 31 49
5 36 19
7 26 10
41 35 19
8 49 10
15 17 10
26 37 10
6 8 10
13 1 10
42 33 1
22 38 10
28 50 1
33 25 10
44 20 10
44 47 10
7 31 10
1 4 10
29 25 47
14 36 10
3 43 1
4 2 10
31 29 49
37 24 47
9 42 1
30 47 10
15 34 10
9 33 1
38 42 1
29 9 10
11 10 10
6 12 4
19 38 1
3 22 10
36 13 10
35 11 1
44 50 11
32 10 10
24 11 10
17 28 17
49 9 10
9 5 1
46 13 10
40 15 10
39 47 10
15 2 10
38 27 1
31 9 10
29 32 49
8 37 10
11 6 10
10 23 10
7 47 10
40 26 1
14 18 10
13 28 10
49 1 10
30 48 10
20 17 10
5 34 19
49 41 10
37 13 10
30 35 19
49 32 49
8 35 10
8 7 10
16 33 10
31 22 49
47 43 10
40 48 10
4 42 10
32 30 10
9 20 10
25 23 10
28 10 10
32 42 10
3 24 10
25 50 10
27 40 1
23 47 10
27 38 1
48 10 10
42 5 19
35 44 1
36 2 19
26 48 10
31 49 49
22 12 22
34 29 10
28 15 10
5 24 10
50 6 10
30 15 10
35 4 10
34 26 1
8 18 10
31 32
2 1 9
10 19 9
20 7 5
18 8 19
12 25 9
2 25 20
30 2 2
28 16 5
13 19 19
21 4 5
7 9 9
20 9 9
21 27 9
21 7 5
30 6 9
5 1 9
6 2 9
17 27 9
2 6 9
1 3 3
9 24 9
17 10 5
7 12 9
1 26 9
24 11 5
9 7 9
29 5 5
20 15 20
8 1 19
7 4 5
14 26 9
31 3 9
54 12
21 43 47
47 25 47
25 6 47
11 2 14
35 48 47
49 11 47
32 34 47
35 9 47
43 13 14
52 12 47
26 2 47
8 51 47
30 46
15 29 3
13 4 4
9 14 3
14 10 3
30 29 3
26 4 4
2 12 3
3 25 3
15 16 3
29 25 3
5 9 3
30 6 30
10 21 16
27 4 4
30 17 17
26 4 4
3 17 3
27 25 17
10 1 17
26 14 4
20 17 16
3 19 3
12 13 24
23 22 22
19 1 3
9 5 3
21 24 3
7 14 3
11 1 4
23 8 4
3 26 4
30 8 4
29 3 3
20 30 16
10 11 4
10 22 10
1 27 17
10 27 17
27 24 3
20 8 4
8 22 4
8 29 4
3 2 3
25 26 4
14 20 3
27 1 17
25 50
12 17 17
9 11 19
22 11 19
5 23 19
11 14 10
22 21 19
7 9 19
11 7 10
5 7 10
19 4 19
12 23 19
11 19 19
16 12 19
24 10 24
22 11 19
4 19 19
24 14 24
23 7 19
15 7 19
2 18 19
15 22 19
22 8 8
21 17 19
21 9 19
22 8 8
4 2 19
22 12 22
14 22 19
15 23 13
25 1 24
1 2 19
22 4 8
8 22 8
25 20 24
17 6 19
1 20 24
21 25 19
8 12 8
4 19 19
2 3 19
13 9 19
7 4 19
2 15 19
4 17 8
23 13 13
15 17 19
11 8 19
17 23 19
6 23 19
16 20 24
11 99
7 1 10
4 9 9
1 6 6
9 4 9
3 11 7
4 2 10
5 4 10
11 10 10
10 2 10
3 1 10
1 4 10
7 11 7
8 6 10
7 9 7
6 3 10
6 7 10
4 1 10
4 3 7
3 4 7
11 4 4
1 11 10
6 4 10
10 2 10
5 10 10
11 8 7
3 4 7
10 4 10
1 11 10
6 7 10
9 4 9
7 3 7
7 8 7
5 11 10
7 11 7
5 10 10
11 4 4
5 2 5
11 4 4
11 7 7
8 11 7
1 3 10
7 10 10
5 10 10
1 10 10
3 1 10
6 1 6
8 5 10
11 10 10
3 1 10
4 10 10
3 5 10
3 7 7
8 10 10
6 3 10
1 4 10
6 1 6
10 11 10
9 2 10
4 5 10
7 10 10
3 4 7
4 7 7
6 1 6
10 8 10
3 7 7
6 3 10
7 5 10
4 9 9
5 3 10
3 7 7
2 1 1
4 9 9
7 9 7
11 4 4
4 5 10
5 3 10
6 11 10
1 5 5
5 7 10
5 1 5
9 4 9
9 7 7
1 7 10
3 8 7
2 4 10
1 2 1
11 2 10
9 6 10
9 11 9
3 11 7
11 10 10
3 4 7
3 6 10
6 9 10
10 9 10
7 1 10
5 7 10
4 2 10
11 3 7
52 43
28 40 40
46 50 40
6 19 31
2 36 2
25 20 31
23 1 40
38 27 40
41 14 40
6 43 40
8 26 40
5 40 40
18 4 18
9 26 9
41 24 40
26 38 40
51 40 40
2 19 2
30 11 31
15 39 40
19 3 40
50 17 40
17 4 40
25 45 40
26 23 40
35 18 18
32 52 40
42 21 31
41 34 52
28 10 52
30 48 31
1 15 9
3 20 40
30 2 2
9 41 40
17 13 52
6 30 31
34 1 40
8 14 40
39 30 40
6 23 40
8 18 40
12 1 40
43 7 7
27 79
17 27 26
24 12 27
11 27 27
14 12 26
24 25 26
24 21 10
20 18 27
22 21 26
27 10 26
9 8 27
24 5 26
17 24 26
12 4 26
26 18 26
21 3 26
16 13 13
9 19 27
27 16 27
17 1 26
12 13 7
15 10 26
9 12 27
1 14 26
27 10 26
24 25 26
7 19 8
15 2 27
9 8 27
9 5 26
17 3 17
26 7 1
26 23 26
14 9 26
7 14 26
19 25 26
18 7 27
26 6 26
27 15 27
22 23 26
26 21 11
6 17 26
6 7 6
15 14 26
23 25 26
2 1 27
27 24 27
5 8 26
16 15 27
18 13 27
14 23 26
10 3 17
23 16 13
19 27 27
24 11 27
11 1 27
20 15 27
9 12 27
7 9 27
23 15 27
19 15 27
24 8 27
22 27 26
27 13 27
3 11 26
20 2 27
21 24 27
24 17 26
21 5 26
14 12 26
25 10 17
16 19 27
3 10 17
3 20 26
12 13 7
8 9 27
12 22 26
25 20 26
13 2 10
8 15 27
14 32
13 8 4
2 14 4
9 8 9
1 9 9
7 14 7
6 3 4
10 11 4
5 3 4
3 11 4
2 9 4
7 1 7
8 3 8
8 13 4
10 8 4
12 9 4
11 5 4
4 14 7
8 11 4
11 14 13
14 8 8
1 7 7
13 8 4
5 3 4
3 6 4
11 12 4
4 11 4
3 6 4
8 9 9
9 5 4
8 11 9
10 4 4
13 8 4
56 74
5 11 17
30 3 3
20 4 27
6 56 24
37 56 24
12 19 48
16 26 15
52 39 52
25 17 52
36 38 24
36 13 24
44 24 17
41 22 48
33 26 37
19 53 48
47 2 48
46 15 53
25 14 28
43 13 52
30 32 37
32 37 37
10 55 52
24 31 24
13 4 48
24 46 4
31 23 52
47 50 6
49 42 48
12 39 48
22 37 48
19 6 48
43 28 48
2 49 52
37 13 48
41 25 48
50 16 24
4 37 48
18 46 48
25 48 48
55 45 48
30 49 48
55 50 36
22 30 48
6 31 39
39 43 17
46 53 53
41 23 48
31 24 24
18 24 24
56 4 24
54 29 54
16 38 24
7 36 24
47 40 48
52 8 52
33 20 27
44 43 52
49 46 48
2 4 48
24 13 24
8 10 52
13 41 48
37 23 48
3 14 48
9 46 48
48 56 24
14 37 48
18 13 18
22 19 52
34 37 48
17 34 48
2 36 24
37 54 48
32 23 48
25 104
1 6 16
13 24 2
3 16 3
3 12 3
6 5 4
12 5 5
22 12 10
7 1 5
18 17 18
21 23 2
20 23 2
25 9 16
17 8 23
12 23 2
20 4 4
6 3 3
7 6 5
2 18 2
5 13 2
21 8 2
23 6 2
25 19 16
16 1 14
7 19 5
2 4 2
25 15 16
7 18 2
12 8 2
23 5 25
7 6 5
5 24 5
20 11 11
10 9 10
25 20 16
5 14 2
1 3 16
9 5 5
12 1 16
15 17 2
11 20 11
12 17 2
13 16 2
5 24 5
15 20 10
11 2 2
21 24 24
24 25 16
9 3 3
17 1 2
15 5 5
6 11 11
5 6 5
6 9 10
14 23 23
12 5 5
15 19 10
1 17 2
10 1 16
4 20 4
25 24 16
11 21 11
16 2 2
3 2 2
9 22 10
20 13 2
25 19 16
11 5 5
10 15 10
25 6 16
15 24 10
15 11 11
10 6 10
18 20 2
19 24 10
25 1 25
16 15 16
10 1 16
3 14 2
20 25 16
3 23 2
5 9 5
16 17 2
7 15 5
14 2 2
21 25 16
20 3 3
19 17 2
10 6 10
19 9 10
16 11 16
2 12 2
5 6 5
2 4 2
6 9 10
18 17 18
21 5 14
7 11 5
1 21 16
19 2 2
13 12 2
9 23 2
5 2 2
19 17 2
11 25 16
60 116
1 3 1
1 4 1
2 3 2
2 4 2
3 5 3
3 6 3
4 5 4
4 6 4
5 7 5
5 8 5
6 7 6
6 8 6
7 9 7
7 10 7
8 9 8
8 10 8
9 11 9
9 12 9
10 11 10
10 12 10
11 13 11
11 14 11
12 13 12
12 14 12
13 15 13
13 16 13
14 15 14
14 16 14
15 17 15
15 18 15
16 17 16
16 18 16
17 19 17
17 20 17
18 19 18
18 20 18
19 21 19
19 22 19
20 21 20
20 22 20
21 23 21
21 24 21
22 23 22
22 24 22
23 25 23
23 26 23
24 25 24
24 26 24
25 27 25
25 28 25
26 27 26
26 28 26
27 29 27
27 30 27
28 29 28
28 30 28
29 31 29
29 32 29
30 31 30
30 32 30
31 33 31
31 34 31
32 33 32
32 34 32
33 35 33
33 36 33
34 35 34
34 36 34
35 37 35
35 38 35
36 37 36
36 38 36
37 39 37
37 40 37
38 39 38
38 40 38
39 41 39
39 42 39
40 41 40
40 42 40
41 43 41
41 44 41
42 43 42
42 44 42
43 45 43
43 46 43
44 45 44
44 46 44
45 47 45
45 48 45
46 47 46
46 48 46
47 49 47
47 50 47
48 49 48
48 50 48
49 51 49
49 52 49
50 51 50
50 52 50
51 53 51
51 54 51
52 53 52
52 54 52
53 55 53
53 56 53
54 55 54
54 56 54
55 57 55
55 58 55
56 57 56
56 58 56
57 58 57
58 59 58
59 60 59
60 57 60
33 45
29 22 18
8 5 20
33 6 18
17 20 17
9 24 18
33 19 18
4 22 22
27 10 18
1 27 18
29 26 18
25 1 18
28 31 22
29 25 18
29 17 18
11 32 11
3 21 18
23 31 23
6 14 18
3 15 18
10 28 18
3 23 23
33 5 18
7 13 18
3 29 18
8 24 18
5 6 17
4 8 18
31 25 18
20 12 18
8 3 13
13 29 18
8 3 18
16 26 18
10 31 18
17 12 18
20 29 18
33 14 16
2 13 18
32 17 18
18 29 5
27 14 18
17 9 18
9 33 18
30 1 19
7 15 15
7 74
7 2 7
2 7 7
5 1 6
2 4 6
1 6 6
4 1 6
5 6 6
7 1 7
7 6 7
7 6 7
4 7 7
6 7 7
2 3 3
2 4 6
7 3 7
7 6 7
4 5 6
2 4 6
5 1 6
3 5 3
2 6 6
2 6 6
4 5 6
2 1 6
1 6 6
3 1 6
7 1 7
2 3 3
7 1 7
6 7 7
6 4 6
4 2 6
6 3 6
7 4 7
5 4 6
4 3 6
4 3 6
1 5 6
3 5 3
3 2 3
4 3 6
1 6 6
5 7 7
1 2 6
7 1 7
3 5 3
6 1 6
2 4 6
4 5 6
1 3 6
2 6 6
4 3 6
6 1 6
2 4 6
6 2 6
6 3 6
4 1 6
4 7 7
5 4 6
6 7 7
6 2 6
5 6 6
6 4 6
4 6 6
6 4 6
1 6 6
7 5 7
1 4 6
1 4 6
1 7 7
4 3 6
5 2 2
4 2 6
6 5 6
8 97
7 8 3
6 1 6
3 4 6
8 3 3
1 6 6
2 8 3
6 5 6
7 3 3
8 7 3
2 3 3
4 8 6
1 7 3
6 2 6
4 7 6
6 8 6
8 6 6
3 1 3
6 3 6
1 5 6
5 3 6
8 5 6
2 6 6
2 5 6
1 7 3
2 6 6
8 7 3
6 4 6
6 7 6
8 6 6
5 1 6
4 1 6
3 1 3
8 1 1
7 2 3
3 1 3
2 1 3
8 4 6
2 8 3
4 6 6
5 7 6
5 7 6
6 5 6
5 7 6
7 3 3
7 1 3
6 8 6
1 2 3
4 5 4
2 1 3
5 7 6
3 7 3
6 3 6
6 3 6
2 5 6
8 4 6
5 6 6
2 3 3
4 1 6
6 8 6
7 8 3
8 5 6
4 1 6
2 6 6
1 8 1
7 5 6
7 1 3
6 8 6
7 1 3
4 1 6
6 7 6
1 4 6
4 1 6
8 6 6
6 2 6
1 6 6
6 3 6
2 4 6
2 3 3
3 6 6
1 5 6
7 5 6
6 7 6
8 5 6
3 8 3
3 7 3
3 6 6
6 8 6
7 6 6
1 6 6
7 8 3
2 3 3
2 8 3
1 2 3
2 1 3
5 4 4
1 5 6
4 6 6
30 94
26 6 6
15 2 15
27 16 28
12 7 7
28 10 28
21 6 28
1 15 28
4 13 28
24 22 28
25 13 28
23 12 28
7 25 28
4 15 28
5 1 10
9 20 20
25 28 28
27 9 28
16 15 28
10 26 10
19 24 28
18 24 28
11 17 28
21 5 28
27 13 28
30 22 22
25 10 6
27 9 28
29 8 28
29 24 28
14 26 28
16 19 28
15 26 28
1 8 28
1 30 28
3 27 28
2 24 28
28 3 28
30 10 28
30 21 21
11 14 28
9 10 6
3 25 28
12 29 7
21 14 28
3 15 28
2 17 28
2 12 28
20 17 28
23 19 6
24 28 28
27 18 28
25 4 6
15 3 28
16 30 28
14 28 28
12 29 7
13 5 28
21 15 28
18 13 28
11 20 6
23 10 6
25 9 6
13 14 8
20 16 28
5 27 28
19 24 28
18 19 6
14 28 28
15 8 28
4 14 28
11 21 28
5 4 6
15 6 28
18 29 28
15 10 28
21 4 28
21 10 28
24 26 28
4 6 6
5 15 28
10 29 28
14 24 8
8 30 28
12 9 28
7 21 7
20 2 28
11 1 10
3 18 28
3 18 28
11 19 6
18 21 28
18 9 6
7 19 28
8 4 28
55 38
30 18 26
36 50 26
54 47 26
10 7 36
14 20 26
43 24 26
16 50 26
45 41 26
38 14 26
20 51 26
28 7 26
21 45 26
29 24 8
27 40 26
10 21 26
53 52 36
45 8 26
5 26 26
53 31 36
43 11 36
54 39 39
6 5 26
36 44 26
14 40 26
52 40 31
10 41 31
2 53 36
45 53 26
20 37 26
51 2 36
51 45 26
22 38 26
29 31 26
14 38 16
20 40 25
7 14 26
5 40 26
33 12 36
42 49
13 21 4
31 41 16
31 4 16
27 29 17
4 21 4
28 7 17
2 7 17
24 15 16
41 37 4
4 33 4
18 27 4
25 42 17
32 15 16
33 10 4
30 17 17
17 20 17
6 41 4
34 8 17
31 13 16
27 30 4
16 23 16
15 24 16
7 31 16
9 4 7
21 23 4
34 33 7
8 14 17
15 20 16
14 34 7
36 3 36
10 30 4
1 6 4
26 1 4
11 7 16
29 13 17
19 31 31
29 3 17
5 2 17
9 14 7
1 22 4
7 22 7
8 7 17
9 7 7
17 8 17
29 33 17
39 30 14
14 1 4
35 10 4
40 6 17
43 43
18 12 5
23 1 5
4 5 5
16 17 14
27 29 14
36 11 5
5 14 5
32 27 14
5 24 5
14 3 5
7 15 5
34 38 38
17 40 14
24 15 15
23 29 23
2 28 5
22 32 23
1 13 5
14 29 14
12 2 5
28 14 5
26 33 5
25 28 5
23 3 5
18 19 23
22 26 5
15 29 5
11 24 5
31 32 14
15 17 5
6 30 5
36 1 5
27 20 5
19 12 5
30 21 23
14 27 14
29 17 14
3 22 5
9 31 31
24 42 5
17 7 14
38 23 23
36 19 36
57 36
37 56 29
48 14 14
11 54 19
32 7 19
53 43 29
5 13 29
6 32 51
23 32 29
3 35 3
25 22 29
44 14 1
47 56 29
44 34 29
32 56 29
28 12 29
26 12 29
27 3 29
54 42 29
50 51 29
55 33 29
23 25 29
49 38 19
26 57 57
36 7 19
32 48 29
39 35 29
51 14 12
38 12 29
26 22 29
17 44 29
42 52 29
4 50 29
57 27 29
47 3 29
2 32 51
47 9 29
48 93
48 8 8
11 33 11
4 46 4
6 1 42
32 45 35
26 46 11
46 21 11
10 1 1
25 48 11
22 29 42
30 44 44
11 6 42
26 41 11
30 12 15
37 30 11
35 42 42
42 8 42
27 19 11
6 18 42
14 38 11
24 47 47
33 43 42
15 12 15
48 37 47
33 39 42
32 14 15
30 24 11
1 35 11
16 33 11
11 20 11
11 37 11
38 20 11
14 25 11
24 41 11
20 15 11
43 9 42
9 29 42
47 35 11
42 43 42
19 18 11
37 4 11
5 27 9
3 5 42
29 36 42
42 46 42
26 37 11
23 33 11
7 9 11
42 47 42
46 20 11
39 16 42
27 39 42
27 16 11
46 39 42
25 13 11
13 31 11
28 4 42
41 15 11
12 37 47
8 32 18
19 12 11
44 3 42
10 6 42
45 29 42
36 44 20
30 2 11
45 3 42
14 44 15
26 46 11
22 9 9
36 40 42
2 23 11
16 3 42
16 28 42
6 41 42
31 8 11
30 48 11
32 5 32
33 39 42
8 24 47
13 8 11
11 47 11
33 6 42
34 18 42
12 14 14
22 19 11
18 23 11
2 16 22
19 3 42
46 27 11
14 45 15
45 21 9
11 35 40
8 65
8 5 6
4 5 6
1 4 6
5 3 3
8 1 6
7 2 6
3 8 6
3 8 6
8 2 6
7 2 6
1 3 3
6 2 6
2 6 6
4 8 8
7 2 6
2 8 6
7 6 6
4 6 6
8 6 6
5 1 3
3 5 3
5 2 6
6 7 6
3 8 6
4 7 6
7 1 1
6 1 6
8 1 6
4 8 6
5 3 3
7 2 6
1 6 6
3 8 6
8 7 6
8 3 6
6 8 6
6 2 6
6 8 6
6 1 6
3 8 6
7 4 6
6 4 6
5 3 3
5 1 3
1 4 6
6 3 6
4 7 6
8 3 6
8 4 8
2 1 6
7 6 6
2 1 6
7 8 6
8 3 6
2 8 6
5 3 3
5 6 6
6 2 6
4 3 6
1 7 1
6 3 6
7 6 6
8 4 8
8 4 8
4 6 6
11 76
9 2 10
1 2 8
7 5 8
6 4 4
6 4 4
6 1 6
7 9 10
7 6 8
10 5 10
3 4 4
1 5 4
3 11 6
5 7 8
4 10 10
10 8 10
1 2 8
11 5 4
6 1 6
4 7 8
9 10 10
2 11 8
1 9 10
10 9 10
5 2 8
5 3 4
1 4 4
3 1 6
7 1 8
4 7 8
1 2 8
8 6 8
2 4 8
7 6 8
8 9 10
4 11 4
3 9 10
2 7 7
8 5 8
2 11 8
11 9 10
4 5 4
10 9 10
8 4 8
9 1 10
11 3 6
5 6 4
2 7 7
6 2 8
3 8 8
11 9 10
7 5 8
1 7 8
7 3 8
7 2 7
4 11 4
1 3 6
5 10 10
11 9 10
7 2 7
10 1 10
11 10 10
11 5 4
4 11 4
10 7 10
3 11 6
6 8 8
10 6 10
4 1 4
7 4 8
3 7 8
8 11 8
9 8 10
3 6 6
10 2 10
6 1 6
3 6 6
59 15
58 46 49
24 10 49
26 37 15
22 15 49
19 45 28
20 5 49
10 1 55
39 42 49
12 49 49
18 44 30
11 43 59
55 11 49
38 24 59
7 14 49
23 18 44
23 39
9 14 1
23 2 1
23 1 1
13 2 1
13 6 21
5 1 1
7 17 1
11 17 1
9 7 21
10 1 1
6 20 1
1 3 1
11 18 1
4 12 21
5 7 5
7 16 7
15 16 16
15 7 7
18 6 1
15 23 1
17 4 1
1 22 1
6 1 1
17 12 1
17 3 1
2 7 1
2 3 1
15 19 1
16 15 16
7 12 21
9 8 1
8 6 1
12 21 21
3 12 1
1 5 1
4 2 1
20 3 1
2 13 1
19 9 1
45 91
45 31 31
42 4 31
7 38 5
44 9 31
9 32 20
12 37 31
37 44 31
25 11 31
7 43 31
25 2 31
20 43 31
13 38 5
40 23 5
12 36 5
32 11 31
39 28 5
38 41 5
24 39 31
30 12 31
44 6 31
43 3 31
36 35 5
29 28 5
24 39 31
42 1 42
14 12 31
1 37 31
5 22 5
22 31 31
11 38 5
5 41 5
40 30 5
17 14 31
11 23 31
16 22 20
35 26 5
25 13 21
27 37 5
7 14 31
35 45 31
45 43 31
13 8 31
2 41 31
43 38 5
37 3 31
7 23 31
6 43 31
27 41 5
19 37 20
14 31 31
14 27 5
39 18 31
9 43 31
13 38 5
40 34 5
16 22 20
10 20 20
37 33 31
19 39 31
33 28 5
21 41 31
30 21 31
29 7 31
7 12 42
22 23 31
35 21 31
22 9 22
2 41 31
30 9 31
45 20 31
22 13 31
9 15 5
40 9 5
19 33 31
3 13 31
39 14 30
24 9 20
30 45 31
29 38 5
4 40 5
30 22 31
9 40 5
13 21 21
4 15 5
22 41 31
12 2 31
45 25 21
10 33 31
21 30 31
20 38 5
12 11 31
15 79
8 5 2
13 2 2
12 7 2
6 4 2
9 10 2
13 14 7
3 11 2
1 7 2
13 6 2
8 6 2
14 5 7
12 13 7
10 9 2
13 2 2
13 10 2
7 9 7
4 1 2
2 11 2
7 3 2
2 12 2
7 5 7
1 5 2
9 10 2
6 11 2
7 3 2
9 8 2
6 12 2
1 7 2
9 2 2
5 7 7
12 11 2
2 7 2
7 5 7
1 11 2
15 5 2
15 12 10
6 12 2
7 13 7
1 4 2
3 10 10
1 2 2
5 3 2
8 9 2
8 13 2
12 4 10
13 2 2
8 11 2
6 12 2
1 12 2
3 10 10
5 15 2
4 12 1
13 15 2
1 7 2
2 7 2
6 15 2
7 5 7
9 10 2
6 13 2
13 14 7
8 2 2
2 12 10
9 4 2
9 6 2
3 4 10
4 12 10
8 11 2
1 14 2
13 7 7
11 7 7
14 13 7
8 10 10
2 4 2
2 6 2
15 3 15
4 11 2
6 7 2
9 10 2
7 5 7
20 86
19 12 9
19 7 5
10 4 15
15 2 17
12 14 9
18 6 9
4 20 9
2 4 17
17 11 9
2 20 9
1 16 5
9 3 9
3 15 15
3 17 17
2 11 9
5 3 9
14 11 11
11 6 9
20 16 14
18 2 9
14 12 9
4 20 9
18 11 9
16 20 14
18 1 9
12 7 9
10 18 9
5 19 5
14 10 9
14 2 9
11 4 9
16 19 5
12 20 9
14 1 5
1 11 5
15 3 15
7 4 9
19 15 9
20 1 5
13 14 9
11 7 5
1 13 9
2 13 17
20 17 9
12 9 9
20 11 11
11 5 5
3 13 15
5 15 9
12 15 15
20 1 5
11 9 9
15 13 15
8 15 15
4 10 15
1 12 9
1 12 9
2 9 9
9 3 9
9 12 9
2 16 9
12 2 17
10 6 9
3 15 15
17 18 9
16 2 9
18 11 9
9 5 9
19 14 5
3 8 15
3 6 9
10 19 9
15 12 15
4 3 4
15 4 15
4 5 9
4 18 9
5 14 5
16 18 9
5 9 9
3 15 15
17 5 9
14 1 5
20 19 5
13 9 9
10 7 9
46 95
37 14 14
17 18 13
22 27 33
21 8 9
7 23 33
44 2 33
10 26 33
22 8 9
21 20 33
23 38 44
38 12 33
13 16 33
35 36 33
14 6 14
15 40 33
41 33 33
10 8 33
43 36 43
35 25 33
40 26 33
18 6 33
35 30 33
36 27 33
40 20 33
19 36 33
2 40 33
17 8 33
41 27 33
6 5 33
40 4 33
35 29 33
21 45 33
8 38 44
23 22 9
38 30 33
12 36 33
16 4 33
32 29 4
7 15 33
2 22 33
8 13 33
44 21 9
45 17 33
24 36 4
34 44 44
40 45 27
16 23 44
35 12 33
46 29 33
15 2 33
16 2 33
23 33 33
22 35 9
46 27 33
44 32 33
26 13 33
37 41 44
25 36 33
43 45 33
16 21 9
33 42 33
5 2 33
42 31 33
45 21 33
11 5 33
41 43 33
6 26 44
18 28 33
27 41 33
18 30 4
32 38 33
19 13 33
9 2 33
22 12 33
27 8 33
32 23 33
31 45 33
18 25 33
42 28 33
20 33 33
14 24 33
6 44 44
42 7 33
16 14 14
31 46 33
12 4 33
43 24 4
45 35 33
30 6 33
16 46 44
15 13 33
38 33 33
36 34 33
29 41 33
30 8 33
60 120
52 41 58
51 10 59
40 34 59
5 18 59
39 2 59
45 33 13
43 2 59
7 21 59
60 36 17
55 22 59
15 47 59
13 41 59
28 23 59
12 17 59
46 47 59
28 59 59
49 6 59
35 31 39
11 57 59
54 6 59
19 4 59
5 31 59
26 30 59
10 60 17
50 35 59
14 33 59
42 33 59
40 17 59
11 14 58
31 29 39
33 6 59
4 30 59
18 15 33
31 55 59
53 46 30
38 6 59
36 57 59
29 18 59
39 12 39
31 23 59
17 25 59
43 26 59
5 17 59
29 10 59
27 32 59
21 60 59
18 17 17
21 55 45
26 22 59
28 5 59
43 59 59
58 55 59
48 43 39
54 43 59
50 7 58
60 39 10
51 34 13
36 3 59
54 52 58
27 40 58
13 48 13
55 13 59
11 27 11
32 31 13
26 59 59
12 42 59
13 49 59
4 32 59
29 58 59
50 25 58
36 32 59
8 55 59
33 17 59
5 34 59
35 20 59
44 13 59
8 43 54
58 54 58
27 16 59
41 11 11
14 23 5
57 27 59
55 49 59
17 47 17
8 24 59
16 41 59
11 24 59
18 38 59
10 2 59
20 1 1
6 46 59
59 36 59
39 6 59
56 31 59
21 23 59
12 38 4
60 15 59
45 59 59
8 27 58
43 38 59
42 48 59
17 55 17
36 12 59
26 16 4
42 19 59
35 46 59
53 37 59
17 52 59
22 7 58
27 45 59
23 34 59
43 30 59
54 10 59
2 14 58
27 24 59
50 23 58
41 7 58
24 27 59
2 10 59
31 43 39
60 120
55 42 25
45 22 25
46 6 4
1 11 25
30 33 25
35 5 25
25 20 25
25 23 25
43 51 4
37 58 9
34 49 9
19 34 45
27 6 4
35 48 4
47 36 25
17 30 25
1 59 25
23 21 25
49 48 4
60 6 4
58 8 4
51 47 25
17 5 17
8 50 4
32 19 4
56 25 25
17 25 25
3 10 25
34 57 9
17 45 25
60 26 25
13 27 25
31 20 4
26 24 25
42 35 4
46 4 4
8 27 4
21 9 25
12 30 4
60 35 35
2 60 4
32 6 32
52 58 9
38 19 25
34 14 25
29 47 25
7 57 7
5 38 17
54 56 4
12 4 4
29 30 4
29 35 4
53 3 25
47 22 25
41 54 25
52 24 4
11 44 25
16 38 17
43 9 9
37 4 4
56 18 25
46 36 36
43 13 25
30 13 25
4 10 4
27 29 9
46 14 25
53 42 25
33 2 25
58 60 4
33 15 25
9 41 25
42 1 4
49 23 9
47 43 25
9 57 9
17 60 25
8 58 4
23 52 9
7 4 4
48 35 4
51 34 4
42 48 4
25 21 25
31 51 4
13 39 25
13 53 13
27 21 25
54 42 4
38 40 55
59 42 25
44 56 4
53 30 25
41 8 25
28 22 25
5 11 25
16 17 17
11 3 25
50 59 25
25 33 25
38 2 25
4 59 25
1 19 4
32 50 4
54 13 25
9 52 9
3 39 25
26 46 25
28 42 25
18 48 25
7 2 2
41 6 25
32 4 4
22 35 25
28 20 25
7 3 25
47 58 25
21 34 25
8 20 8
51 5 25
11 91
7 3 2
7 8 8
3 7 2
1 10 1
1 10 1
9 7 2
10 8 8
9 6 2
2 6 2
10 5 7
9 6 2
8 5 8
6 10 7
3 6 2
4 1 7
11 1 7
1 10 1
7 2 2
10 1 1
2 8 2
10 2 2
2 6 2
2 5 2
11 9 2
4 6 7
4 10 7
8 2 2
10 9 2
9 6 2
8 4 8
11 7 7
2 11 2
10 11 7
5 11 7
10 3 2
6 4 7
3 5 2
8 3 2
3 8 2
7 1 7
9 6 2
6 9 2
5 1 7
7 9 7
5 1 7
4 7 7
6 7 7
10 1 1
6 5 7
11 2 2
9 11 2
6 9 2
3 1 2
9 3 3
5 4 7
10 3 2
1 6 7
11 1 7
8 5 8
8 11 8
10 8 8
1 11 11
2 1 2
7 6 7
6 7 3
7 3 2
11 8 8
8 5 8
10 7 7
5 9 2
4 10 7
4 1 7
6 1 7
6 1 7
5 7 7
10 2 2
8 7 8
1 10 10
1 10 6
2 7 2
11 8 8
9 2 2
6 8 8
11 7 7
11 10 7
5 9 2
11 10 7
10 11 7
2 9 2
4 9 2
9 3 3
60 120
5 14 14
23 11 14
56 26 14
17 48 14
20 36 14
59 34 14
50 11 50
44 29 14
52 56 14
52 23 14
51 56 14
12 10 1
47 5 14
16 41 1
43 28 14
3 35 7
47 32 4
7 5 14
55 25 14
19 4 4
31 2 45
18 36 14
3 31 14
3 38 7
30 6 7
20 39 14
60 38 4
17 6 14
1 7 14
52 5 14
41 27 1
28 52 14
12 8 53
16 31 53
53 11 14
18 20 1
41 29 14
38 19 4
7 21 14
34 11 7
30 23 14
21 35 14
27 19 14
3 22 7
46 20 14
24 29 14
26 44 14
26 53 14
16 54 14
5 58 14
10 26 14
18 60 14
34 7 7
15 29 14
17 53 53
42 52 14
45 19 14
31 35 14
54 21 14
13 34 14
6 10 14
21 58 14
38 52 7
48 54 7
30 54 7
43 40 7
30 40 7
55 56 1
24 2 1
12 27 53
50 23 14
43 5 14
31 20 1
10 44 14
30 2 14
40 58 7
52 47 7
27 2 53
53 49 14
31 51 14
55 24 1
54 27 14
16 4 14
16 8 53
26 20 14
54 22 7
50 16 14
32 19 4
3 55 14
37 32 14
58 25 4
51 19 14
45 6 14
5 31 14
34 48 7
18 24 1
43 13 14
57 41 14
12 30 14
17 25 14
58 60 4
48 41 14
56 2 1
34 60 4
58 13 14
32 41 14
28 10 1
47 31 14
21 47 14
44 31 14
29 22 14
27 54 14
5 11 14
5 24 14
16 42 53
24 45 1
29 6 14
35 59 14
45 47 14
60 30 4
23 80
18 15 20
21 13 21
2 10 13
6 18 20
16 14 20
9 19 20
3 19 20
23 21 20
14 20 20
4 9 1
8 6 20
9 8 20
14 3 20
1 5 1
15 8 20
17 18 20
22 7 22
5 9 22
23 6 20
5 3 20
15 22 20
12 18 20
7 2 20
16 14 20
4 9 1
10 23 20
12 15 21
2 20 20
22 20 20
22 20 20
21 20 20
18 3 20
11 22 22
17 13 20
3 23 20
15 6 21
17 7 20
19 22 20
9 21 20
8 6 20
15 7 20
13 8 20
13 17 20
12 21 21
5 6 20
7 17 20
14 19 14
18 6 20
4 1 1
16 22 22
12 3 13
16 10 20
1 19 1
23 3 20
2 15 21
20 5 20
1 15 1
17 2 20
13 14 20
2 22 20
14 16 20
19 14 14
5 18 20
19 22 20
22 9 22
17 9 20
8 12 20
15 3 21
10 5 20
22 14 20
16 21 20
2 21 21
19 8 14
17 10 20
19 6 20
18 9 20
1 6 1
22 8 20
11 2 20
8 12 20
38 25
21 28 16
26 11 16
10 25 29
11 17 16
1 19 32
1 28 28
22 19 32
13 10 16
3 34 32
1 12 17
8 37 16
4 38 31
5 8 16
9 25 32
9 28 28
32 12 32
34 23 32
19 34 32
33 23 5
16 14 16
25 31 32
33 35 5
33 22 5
30 38 32
29 37 32
60 120
14 31 47
42 55 6
22 26 47
6 32 15
29 49 47
57 15 15
48 41 47
35 44 15
20 40 39
56 25 37
38 49 15
28 51 15
39 56 15
7 13 47
10 56 15
37 10 15
33 28 47
11 41 11
31 15 15
8 48 47
48 49 47
56 54 15
19 42 47
32 11 47
31 10 15
47 1 47
53 45 15
30 27 15
12 38 15
28 3 15
43 25 15
46 17 47
52 11 47
40 15 15
17 58 17
25 40 15
53 7 53
27 23 47
23 10 47
4 6 47
59 38 47
2 10 15
42 59 47
23 47 47
57 13 47
56 30 15
58 41 47
54 48 47
45 16 15
56 58 15
56 60 60
46 24 46
19 52 47
37 36 6
57 5 55
35 54 35
44 9 47
3 31 15
4 53 47
15 40 15
12 28 37
56 5 37
58 27 15
25 32 15
59 8 47
7 5 28
60 25 37
33 18 47
38 8 47
45 30 39
3 42 15
26 55 47
18 6 15
43 9 47
46 17 47
50 30 15
59 1 47
38 13 47
3 19 47
35 41 47
26 55 47
25 13 47
6 4 47
16 52 6
51 26 47
57 12 37
51 50 15
11 60 47
30 26 47
1 57 15
12 16 37
42 49 15
47 29 47
22 60 37
12 2 6
58 43 58
8 54 47
34 20 15
57 3 15
27 10 15
25 20 15
2 21 47
4 27 47
46 40 47
54 22 15
1 36 15
25 43 15
60 13 47
10 57 15
9 25 47
25 30 15
52 7 6
4 33 47
55 49 15
48 10 47
34 27 55
42 43 15
29 30 47
24 36 47
28 58 15
16 80
14 8 11
4 8 11
5 7 11
3 13 12
1 4 11
6 15 11
9 2 12
4 9 12
10 5 5
14 2 12
16 14 14
8 1 11
9 6 11
6 13 11
15 11 11
1 16 11
14 9 12
13 16 14
7 9 11
16 7 11
4 15 12
11 3 11
1 14 11
15 1 11
3 15 15
8 1 11
5 9 5
10 5 5
6 5 11
1 12 11
2 5 12
2 10 12
11 6 11
9 14 12
3 9 9
11 10 11
2 9 12
15 5 5
16 6 11
4 11 11
1 9 11
7 14 11
5 16 12
15 1 11
11 3 11
5 7 11
15 5 5
3 1 11
15 1 11
15 1 11
2 15 12
2 11 11
8 13 11
7 10 11
10 8 11
10 11 11
16 14 14
7 11 11
14 15 12
2 3 12
5 6 11
5 15 5
4 14 14
14 2 12
8 1 11
3 11 11
8 12 11
3 15 15
12 10 12
15 12 12
3 2 12
7 9 11
7 5 11
3 2 12
15 8 11
6 3 11
12 3 12
1 15 11
9 10 5
11 1 11
23 48
3 11 2
12 15 2
4 23 4
9 16 4
18 21 1
13 4 2
17 20 4
11 13 2
13 18 2
17 22 2
5 18 2
22 11 1
3 2 2
9 7 2
8 15 1
23 13 2
16 18 2
10 8 2
5 7 2
10 3 2
7 12 2
13 6 2
18 15 15
18 13 2
17 8 2
10 5 2
8 18 1
18 3 2
8 6 2
14 3 4
4 21 2
2 14 2
10 12 10
12 20 2
13 6 2
13 2 2
6 21 2
19 10 10
15 20 2
22 8 1
8 17 2
2 9 2
17 8 2
22 6 2
18 15 15
12 3 2
18 4 2
3 10 2
48 56
37 30 23
37 36 23
37 47 23
31 26 4
14 32 4
14 19 19
48 5 23
25 38 4
41 42 23
25 22 4
29 23 23
10 16 23
33 30 23
20 48 23
23 18 23
20 14 23
4 6 4
37 44 4
20 40 4
29 5 23
19 16 23
6 9 19
3 18 4
48 44 4
6 17 4
25 46 4
24 27 23
48 9 19
43 7 4
38 48 19
32 36 4
46 17 4
43 31 4
29 37 23
3 43 43
10 29 19
31 24 23
14 36 23
9 14 14
37 1 4
46 16 23
11 35 23
28 44 4
48 5 23
35 39 35
36 25 4
20 4 4
42 47 23
36 43 4
8 13 23
9 35 35
7 6 23
12 6 19
26 10 4
6 5 23
16 10 23
12 96
10 1 8
9 12 8
4 1 8
9 8 8
7 5 8
5 1 8
2 9 8
4 9 9
1 10 8
8 7 8
3 10 8
10 1 8
9 3 3
11 2 12
11 2 12
5 1 8
2 4 8
5 3 3
10 9 8
12 6 12
9 6 8
4 8 8
4 9 9
7 1 8
4 12 8
6 10 8
2 11 12
7 3 8
3 10 8
3 11 8
12 9 8
11 8 8
6 12 12
2 10 8
7 12 12
12 2 12
7 4 8
9 12 8
9 10 8
12 9 3
5 7 8
12 4 8
9 3 3
1 12 8
11 7 7
4 9 9
8 6 8
12 4 8
5 9 3
5 7 8
6 8 8
4 6 8
5 1 8
9 5 3
5 11 8
4 10 8
12 5 8
11 8 8
6 4 8
12 5 8
10 3 8
9 4 9
8 7 8
8 2 8
6 10 8
12 9 8
12 9 8
2 8 8
2 1 8
1 11 8
3 1 8
1 6 8
6 4 4
12 11 12
11 12 12
6 3 8
11 12 12
12 11 12
9 1 8
12 5 8
1 9 8
1 7 8
7 12 12
5 11 3
9 2 8
3 6 8
10 3 8
2 5 8
5 1 8
4 8 8
5 2 8
3 12 8
7 5 8
9 10 8
7 4 8
10 1 8
25 29
8 12 4
5 25 13
15 1 20
14 6 20
17 1 1
22 25 20
4 3 4
25 9 20
3 6 4
4 5 20
7 5 20
12 25 4
22 2 20
4 25 4
8 5 20
5 24 9
9 6 20
10 7 20
22 8 20
9 10 17
24 19 20
2 17 20
10 22 7
24 9 9
22 20 20
21 9 20
20 17 20
2 1 20
5 14 5
32 84
7 14 13
10 16 13
17 32 13
31 32 30
13 15 13
18 9 13
11 21 30
22 25 22
30 28 13
31 24 13
24 32 13
30 21 30
17 16 13
32 26 30
5 2 30
12 8 30
1 14 14
12 31 12
25 4 30
15 30 13
26 5 30
25 9 13
6 27 22
6 17 13
7 8 30
6 15 13
10 11 13
31 23 12
16 8 13
4 16 13
29 27 30
5 8 30
12 29 30
26 16 13
28 30 13
28 2 13
16 19 13
28 19 13
23 28 13
10 18 18
27 32 30
22 31 30
16 13 13
2 6 30
4 27 30
9 7 13
16 18 13
12 18 13
19 22 13
20 1 13
24 32 13
4 6 30
25 8 30
4 11 11
8 5 30
20 11 30
20 24 13
25 13 13
22 17 13
2 15 13
5 2 30
32 11 30
9 12 13
26 11 30
27 11 30
27 12 30
25 8 30
22 5 30
12 8 30
29 24 13
19 2 13
8 30 30
23 16 13
4 28 13
32 22 30
17 18 13
21 20 23
13 19 13
17 8 13
6 24 13
28 18 13
25 26 30
9 28 13
10 2 13
9 83
8 3 2
6 2 2
2 7 2
7 2 2
4 2 2
5 2 5
5 3 7
2 7 2
8 5 5
7 2 2
6 7 2
4 3 2
1 6 3
9 6 2
8 3 2
9 6 2
7 8 2
9 7 3
7 2 2
7 3 2
8 2 2
1 8 2
8 2 2
6 5 5
6 2 2
2 9 2
7 3 2
1 9 2
1 7 2
9 7 5
6 9 2
5 9 5
9 8 4
3 6 3
1 4 2
2 5 5
1 9 2
7 4 2
3 5 5
3 4 2
2 8 6
6 1 3
7 5 5
1 8 2
6 8 2
5 3 5
8 2 2
3 5 5
7 3 2
4 2 2
7 3 2
8 4 4
7 6 2
8 4 4
8 6 2
7 9 2
9 8 4
4 2 2
9 5 5
4 2 2
2 6 2
4 2 2
3 8 2
2 5 5
4 1 2
6 1 4
1 8 2
3 7 2
6 7 8
4 7 2
8 7 2
9 8 4
1 2 2
3 7 2
2 1 2
8 3 2
4 3 2
9 8 4
3 9 2
9 8 4
8 3 2
9 4 4
9 4 4
39 43
4 3 34
32 20 34
12 14 34
34 30 34
13 29 15
13 24 34
32 12 34
19 39 34
23 11 34
18 6 34
7 18 34
25 26 34
25 17 34
29 30 34
26 14 34
23 37 34
21 30 28
21 27 28
39 30 30
32 9 14
22 10 10
21 13 34
14 27 34
29 20 34
18 21 34
13 4 34
32 8 34
26 31 8
11 26 34
17 39 34
36 4 34
34 35 34
27 28 28
4 6 34
30 26 34
1 16 34
26 33 34
12 25 34
5 32 34
22 32 34
20 34 34
28 14 34
5 34 34
6 100
3 6 3
5 4 6
3 5 3
3 1 3
1 4 4
3 2 3
2 5 2
3 2 3
5 6 6
6 2 6
1 3 3
5 2 2
2 4 6
6 5 6
3 2 3
5 1 6
6 5 6
6 1 6
6 3 3
5 4 6
6 5 6
2 1 6
6 5 6
4 6 6
5 2 2
4 3 3
1 2 6
5 4 6
5 2 2
1 2 6
6 1 6
5 6 6
1 5 6
4 3 3
1 2 6
4 6 6
6 5 6
3 2 3
1 5 6
5 3 3
4 2 6
3 4 3
1 6 6
2 1 6
2 1 6
3 1 3
5 3 3
1 5 6
1 2 6
1 3 3
3 2 3
3 4 3
5 1 6
1 4 4
4 5 6
3 1 3
1 2 6
3 4 3
4 2 6
5 4 6
2 4 6
5 3 3
5 4 6
3 6 3
6 3 3
5 2 2
5 2 2
5 1 6
3 1 3
6 3 3
5 3 3
2 6 6
1 2 6
4 1 4
1 5 6
3 5 3
1 3 3
5 3 3
6 5 6
4 2 6
3 4 3
3 1 3
2 5 2
5 2 2
2 1 6
3 2 3
5 6 6
1 2 6
6 1 6
1 3 3
1 4 4
2 3 3
4 6 6
3 2 3
4 3 3
1 5 6
4 2 6
5 2 2
1 3 3
3 6 3
60 120
1 15 17
30 35 14
37 56 14
35 36 45
8 11 14
22 3 14
55 23 14
50 9 53
5 21 22
43 17 14
41 5 14
48 8 14
40 4 45
9 2 14
7 53 14
28 9 14
44 25 14
55 6 14
21 7 39
43 38 39
52 16 14
41 45 45
35 58 45
12 40 45
6 26 14
4 29 14
27 11 14
56 13 14
33 39 14
49 30 14
52 14 14
7 56 30
1 19 14
40 5 14
49 51 17
15 25 14
58 24 45
5 42 14
35 22 14
3 36 14
51 26 14
17 37 14
7 30 30
20 21 14
33 55 14
43 52 14
18 11 14
45 39 14
47 20 14
54 51 14
5 31 14
18 4 14
10 54 14
39 11 39
33 10 45
48 55 48
18 29 17
60 47 14
48 20 14
23 51 14
4 33 45
38 46 14
46 50 14
13 34 14
24 36 47
33 7 14
28 1 14
15 50 14
20 5 14
17 59 14
37 60 14
54 58 14
43 30 39
40 34 14
20 45 14
39 33 14
26 14 14
31 3 14
38 56 38
50 38 14
27 29 27
56 53 14
26 43 39
58 54 14
8 56 14
12 26 14
21 44 14
13 50 14
57 51 14
41 39 14
4 16 14
2 10 45
23 25 14
26 5 39
6 28 14
41 60 14
54 23 14
29 59 14
58 32 14
58 54 14
48 17 14
4 8 45
27 53 14
33 19 14
6 55 14
28 45 14
13 25 14
9 14 14
44 10 45
27 24 14
35 12 45
25 44 14
47 19 14
34 40 14
21 55 57
16 9 14
41 23 41
57 17 14
13 28 14
38 6 14
22 26
19 6 21
17 1 1
12 13 21
9 10 21
11 22 1
16 11 1
4 21 21
12 17 21
4 13 1
15 1 1
19 4 1
14 8 4
16 5 21
21 6 21
5 22 21
11 13 20
10 21 21
10 20 21
13 19 1
21 18 21
2 21 21
3 18 1
14 15 1
11 16 1
19 8 1
15 22 1
16 33
4 3 7
15 13 7
12 16 16
13 10 8
9 11 7
5 10 8
2 3 2
5 2 2
13 11 7
11 5 14
9 13 7
7 16 16
3 11 3
2 3 2
14 15 7
4 11 7
2 4 2
8 11 8
8 4 8
4 6 7
10 4 8
1 2 8
14 11 14
2 7 2
15 8 8
10 9 8
6 16 16
6 4 7
12 11 8
13 6 7
9 14 7
14 5 14
8 7 8
42 68
5 42 35
21 31 35
23 25 35
28 21 15
32 26 15
37 14 35
38 7 7
3 15 7
20 21 15
21 24 35
39 10 19
21 23 33
2 32 33
1 15 15
33 34 35
23 36 35
5 38 15
20 33 15
10 1 35
13 2 35
14 9 35
38 17 35
9 30 35
18 12 35
35 37 35
42 32 35
13 18 35
29 13 37
17 16 35
2 26 15
32 37 35
11 39 35
32 14 35
13 27 19
37 22 19
9 6 15
10 18 35
2 9 15
6 3 35
4 2 2
23 42 35
28 19 35
9 38 15
2 28 15
33 31 35
16 3 16
28 10 35
14 13 35
6 18 15
39 32 35
28 8 15
12 9 22
1 14 35
38 4 15
32 24 35
30 41 19
1 33 15
22 12 35
29 22 19
27 41 18
33 8 15
12 9 35
29 8 35
23 33 33
17 18 35
22 33 35
31 28 35
5 35 35
16 57
5 4 13
3 14 3
3 9 3
13 5 13
2 7 13
2 4 13
6 9 16
3 8 3
3 16 16
2 8 3
16 8 16
10 12 13
4 13 13
16 1 16
10 13 13
1 2 3
15 6 16
9 7 13
1 6 16
9 14 3
8 14 3
15 16 16
3 13 13
15 2 3
14 13 13
14 5 14
5 13 13
3 8 3
10 2 3
3 2 3
2 15 3
1 2 3
11 12 13
4 14 13
4 15 13
4 10 13
4 9 13
1 5 3
15 9 3
12 2 13
13 4 13
13 7 13
11 3 16
8 15 3
14 9 3
16 8 16
11 4 13
15 3 3
7 13 13
16 8 16
9 6 16
3 9 3
5 14 14
13 11 13
14 16 16
11 1 16
16 10 16
15 91
1 15 15
3 15 3
13 11 4
11 7 11
13 5 13
15 8 4
8 9 4
9 2 9
1 12 13
11 6 4
6 4 4
9 1 9
11 10 11
9 13 13
8 9 4
4 5 4
7 9 4
14 13 4
12 14 4
10 14 4
9 6 4
10 9 4
8 15 4
15 11 4
4 14 4
11 8 8
8 7 8
7 14 4
9 7 4
8 9 4
6 8 4
3 12 3
6 11 4
1 13 13
10 7 11
2 5 13
2 6 4
9 1 9
1 15 15
14 11 4
11 5 4
13 8 4
14 10 4
9 15 9
7 13 4
7 9 4
11 3 4
3 14 4
15 5 13
4 12 4
10 13 4
10 5 4
11 9 4
14 11 4
5 15 13
1 4 4
13 10 4
14 3 4
6 4 4
3 13 3
12 5 5
7 14 4
13 10 4
5 15 13
7 3 4
11 3 4
6 12 4
11 1 4
9 12 13
11 8 8
1 3 3
13 6 4
3 11 4
14 1 4
10 12 4
14 1 4
3 4 4
15 2 9
3 15 3
12 14 4
4 2 4
13 4 4
10 3 4
8 6 4
11 5 4
9 15 9
3 11 4
2 1 9
12 3 3
10 15 4
10 12 4
54 54
30 21 20
29 24 24
33 12 39
15 33 39
24 19 24
46 5 20
33 2 40
39 8 39
44 9 20
9 50 20
52 37 20
53 30 53
53 26 28
2 38 20
24 1 48
17 23 16
50 5 24
24 48 20
29 45 20
47 8 20
29 39 20
6 10 38
53 39 20
53 16 20
25 39 20
40 50 20
38 53 20
19 41 20
13 6 20
39 28 20
24 13 24
20 5 20
2 5 24
31 19 20
7 23 20
30 32 20
31 17 16
38 29 23
48 25 20
26 8 8
22 36 16
51 37 20
29 35 24
52 40 20
35 37 20
2 29 2
16 22 4
15 35 20
49 19 20
46 42 20
10 29 20
28 18 24
4 33 20
5 25 24
33 86
32 33 33
20 16 19
11 3 19
24 4 2
29 17 30
33 23 32
6 12 19
3 4 2
32 17 17
11 33 30
19 28 19
28 19 7
21 7 19
15 18 18
5 17 30
18 17 18
12 10 19
16 2 19
3 30 19
4 9 19
19 17 19
21 9 23
15 16 19
16 22 19
7 17 19
5 33 30
14 22 19
33 18 18
11 26 30
5 15 33
12 16 19
19 11 19
25 11 19
27 29 13
21 15 27
28 8 8
26 33 26
7 31 19
26 29 30
13 10 6
17 24 19
14 11 19
26 1 19
13 16 19
31 4 19
9 10 28
16 4 19
21 15 27
5 11 20
15 28 30
31 29 19
23 24 19
31 10 19
29 33 30
30 26 30
7 11 19
6 29 6
9 1 19
5 6 6
4 16 19
21 12 19
18 5 18
15 11 20
19 8 8
30 26 30
5 13 30
29 25 19
20 1 19
20 15 20
6 22 6
16 13 15
33 16 19
6 9 6
12 19 19
22 9 20
7 8 8
10 1 12
33 3 19
30 28 30
8 25 8
27 21 27
12 6 31
11 6 6
23 30 19
8 15 11
5 18 18
38 98
4 37 9
37 7 9
2 37 9
8 7 9
23 10 23
21 12 9
11 27 9
9 17 9
16 25 31
31 8 9
26 18 9
27 33 9
17 25 9
4 29 31
11 33 9
10 17 14
16 19 9
4 25 31
28 19 14
16 25 31
7 4 4
11 4 9
22 32 3
29 24 9
35 25 9
2 12 12
12 38 31
29 4 31
37 35 14
21 28 21
26 33 9
4 2 12
29 17 9
34 11 9
30 5 21
24 2 9
38 34 9
14 34 14
36 13 9
7 35 9
4 23 9
16 38 31
21 1 21
11 36 9
29 32 9
15 11 9
19 20 9
14 1 14
21 4 9
28 18 9
26 22 26
14 20 9
23 6 9
25 7 31
6 37 9
27 35 14
6 18 9
16 12 12
24 22 3
37 16 9
21 4 9
34 17 14
22 26 26
1 35 14
6 27 9
10 26 26
23 33 9
16 3 9
22 3 3
6 36 9
10 2 9
11 12 9
29 33 25
36 16 12
35 26 14
11 12 9
30 20 9
33 35 9
23 7 9
11 30 9
9 29 9
37 15 3
31 32 9
36 33 31
28 32 21
17 4 9
23 27 23
20 16 9
33 35 9
19 21 14
15 1 26
25 17 9
24 26 26
22 27 3
30 28 21
7 3 9
29 26 9
5 33 9
10 95
3 6 9
9 10 10
10 3 10
5 9 10
7 8 8
4 6 10
2 6 8
8 6 8
3 4 10
10 4 10
7 1 8
4 10 10
10 9 10
3 8 8
1 6 8
6 1 8
6 1 8
3 5 10
4 7 7
3 4 10
7 4 7
1 4 8
6 4 10
10 6 10
4 2 10
1 10 8
3 7 10
1 9 8
3 2 10
6 5 5
8 3 8
3 5 10
3 6 10
6 5 5
4 10 10
3 4 10
6 5 5
9 10 10
6 1 8
1 5 8
5 8 8
10 7 10
9 5 10
9 10 10
3 4 10
3 6 10
4 8 8
3 7 10
7 3 10
9 2 10
5 9 10
7 3 10
3 7 10
9 1 8
6 4 10
6 3 10
1 2 8
6 2 10
5 10 10
7 1 8
2 3 10
4 3 10
1 5 8
4 5 10
10 7 10
7 5 10
6 3 10
1 3 8
3 7 10
2 10 10
6 5 5
10 2 10
9 4 10
4 7 7
3 6 10
9 8 8
5 1 8
8 6 8
8 10 8
2 6 10
8 2 8
8 3 8
1 4 8
9 8 8
7 3 10
10 5 10
6 8 8
9 1 8
8 9 8
10 6 10
1 10 8
8 2 8
9 7 10
5 9 10
8 6 8
6 76
6 4 6
1 3 1
4 2 1
3 5 3
3 2 1
3 5 3
2 6 1
2 3 1
3 6 6
4 5 4
4 1 1
5 3 3
3 1 1
1 6 1
6 4 6
5 6 6
6 1 1
1 2 1
5 4 4
5 4 4
5 4 4
2 5 1
3 6 6
2 6 1
3 1 1
2 4 1
3 5 3
5 2 1
3 6 6
6 5 6
3 2 1
6 5 6
2 4 1
6 1 1
3 1 1
6 5 6
4 1 1
5 2 1
6 5 6
6 3 6
3 5 3
6 2 1
2 4 1
1 5 1
1 4 1
6 2 1
4 6 6
4 6 6
5 3 3
2 4 1
1 5 1
6 4 6
4 5 4
4 1 1
5 3 3
6 2 1
6 3 6
4 2 1
2 1 1
1 5 1
2 4 1
3 1 1
6 4 6
6 4 6
2 3 1
4 2 1
4 2 1
6 5 6
3 6 6
2 5 1
4 6 6
6 2 1
4 2 1
1 2 1
5 6 6
1 5 1
24 12
6 15 23
23 4 23
8 3 23
17 10 17
5 2 12
10 12 12
9 20 20
3 4 23
5 12 12
18 20 12
20 12 12
7 11 23
12 115
2 8 6
12 8 12
3 7 3
8 10 6
3 6 6
5 6 6
6 7 6
4 5 6
8 3 6
9 3 6
1 12 12
4 9 6
9 7 6
12 9 6
11 10 10
9 8 6
10 2 10
6 4 6
1 3 6
6 3 6
2 12 6
12 3 6
3 7 3
5 10 6
9 8 6
5 4 6
6 5 6
12 3 6
1 2 6
7 2 10
7 6 6
6 2 6
6 4 6
12 2 6
2 7 10
2 5 6
8 9 6
8 6 6
10 4 10
2 9 6
9 3 6
9 2 6
10 4 10
6 11 6
1 9 6
7 11 10
8 6 6
6 11 6
8 1 8
6 4 6
10 2 10
12 2 6
11 10 10
9 7 6
4 3 10
12 3 6
4 9 6
10 2 10
10 6 6
6 9 6
8 5 5
1 3 6
4 8 6
7 4 10
5 6 6
6 2 6
8 9 6
11 8 6
4 12 6
12 11 6
5 3 6
12 3 6
11 12 6
7 8 6
4 5 6
6 1 6
12 5 5
4 6 6
9 4 6
11 7 10
6 12 6
2 4 11
5 1 5
6 9 6
10 9 6
2 12 6
5 12 5
4 6 6
9 4 6
4 5 6
12 10 6
2 8 6
5 8 5
12 4 6
6 9 6
11 2 11
5 1 5
8 11 6
4 12 6
4 8 6
9 5 6
4 5 6
9 1 6
9 8 6
11 1 6
7 4 10
7 3 3
12 2 6
1 6 6
7 11 10
2 9 6
3 11 10
7 11 10
2 4 11
12 2 6
39 73
39 12 35
35 21 35
17 11 35
28 18 30
28 4 35
10 23 35
15 2 2
9 20 10
2 8 3
5 13 35
35 12 35
7 22 2
32 7 2
21 9 35
2 1 35
26 21 2
1 33 35
30 27 35
1 35 35
12 26 35
7 33 2
24 11 35
33 5 35
30 28 30
6 23 35
22 21 2
12 36 35
32 5 35
32 18 2
12 28 35
31 17 2
10 21 35
24 15 3
7 37 35
7 9 35
8 1 35
29 16 10
21 37 35
16 4 35
7 27 35
11 28 35
32 19 35
3 14 3
10 4 35
8 26 3
8 17 3
22 31 31
6 32 35
33 30 30
38 35 35
30 1 35
12 5 12
28 23 30
13 19 13
15 12 35
33 5 35
11 8 35
14 6 35
34 36 2
38 22 2
26 14 2
21 6 35
11 26 35
29 14 35
28 30 30
12 29 12
26 7 26
14 26 2
39 19 35
26 1 35
8 7 3
27 19 35
22 13 35
4 2
2 1 2
1 4 3
31 88
4 18 28
9 8 6
20 22 28
27 29 28
16 3 11
26 14 28
25 12 28
28 21 28
19 10 28
26 18 28
17 23 28
25 16 25
24 9 6
26 1 28
21 28 28
20 9 28
4 7 28
24 25 28
9 24 6
27 18 28
8 9 6
24 8 6
26 2 28
17 25 15
19 20 20
14 21 6
22 20 28
9 23 6
11 27 11
6 23 6
19 29 28
18 22 6
22 18 6
20 3 11
15 14 28
17 3 15
31 29 6
17 3 15
12 10 28
14 29 14
10 20 28
16 8 28
13 18 28
5 25 28
16 18 28
7 14 6
16 28 28
11 4 28
5 19 28
7 18 18
14 4 28
2 20 28
9 26 28
10 9 28
24 21 24
18 30 28
10 18 28
12 22 29
8 5 28
4 18 28
2 11 28
29 19 28
30 15 28
7 21 6
5 12 28
22 31 6
27 7 28
10 11 28
13 20 15
19 21 28
31 18 6
27 21 28
26 16 28
13 18 28
1 9 6
27 23 28
1 12 14
24 1 6
6 20 28
26 12 28
8 26 28
8 4 28
8 13 28
6 5 28
3 14 28
31 11 28
28 15 28
8 22 6
32 108
19 12 22
11 7 3
29 7 22
18 26 18
15 3 3
15 20 22
28 19 18
26 28 18
24 20 22
8 28 18
25 6 22
25 23 22
5 11 18
27 23 30
15 12 22
10 5 18
17 3 18
9 4 9
14 16 22
16 8 22
20 32 22
12 18 18
22 6 22
3 8 3
30 2 18
4 30 30
2 12 18
4 31 22
26 28 18
12 17 18
4 21 30
31 7 32
16 30 22
6 19 9
24 20 22
11 17 18
20 31 22
31 5 18
18 10 18
5 24 18
6 2 18
16 3 3
4 8 22
25 2 18
20 13 20
15 21 30
26 2 18
4 17 18
13 6 22
3 5 18
9 10 22
32 24 32
23 27 30
5 4 18
3 1 3
6 24 22
21 31 22
18 14 18
20 32 22
25 32 22
23 16 22
14 6 30
15 2 18
29 12 22
31 28 18
9 20 22
19 22 22
17 25 18
3 2 18
16 27 22
5 18 18
29 17 18
26 12 18
11 12 3
4 20 22
12 22 22
20 9 22
14 10 22
7 18 18
11 19 3
3 32 3
4 14 30
31 28 18
18 20 18
26 19 18
19 22 22
2 4 18
23 3 3
15 21 30
19 27 19
25 24 22
4 15 9
19 7 22
30 6 30
11 26 18
6 28 18
9 31 22
10 23 22
3 2 18
5 29 18
32 11 3
11 2 18
3 21 3
22 18 18
26 32 18
31 15 22
13 12 22
9 14 30
58 26
21 16 8
1 50 47
51 25 44
7 25 41
57 19 8
58 42 47
27 30 8
41 42 47
38 18 38
41 10 41
20 22 8
46 4 44
5 11 47
41 32 8
41 5 44
8 19 8
33 38 47
10 4 8
53 7 53
51 54 44
29 19 47
49 42 47
14 35 47
7 21 8
12 28 7
30 5 44
7 4
7 3 5
4 1 2
6 3 6
6 4 5
8 28
5 4 8
3 4 8
4 5 8
4 8 8
3 5 8
2 8 8
6 1 8
4 3 8
3 8 8
3 6 6
7 1 8
6 2 6
3 8 8
7 6 8
2 7 8
4 2 8
2 1 8
7 4 8
2 7 8
5 3 8
5 7 7
3 8 8
2 3 6
1 5 8
1 8 8
7 3 8
4 8 8
4 3 8
20 102
13 2 2
1 17 5
8 9 5
17 1 5
1 3 12
1 18 18
17 15 5
14 12 5
17 1 5
20 19 5
11 15 5
3 7 7
12 5 5
13 1 12
15 12 12
18 11 5
8 18 18
16 13 5
11 10 5
19 6 5
16 14 19
12 3 12
9 19 19
6 19 5
5 7 5
1 20 12
13 3 2
8 3 12
11 1 5
20 15 12
3 1 12
4 13 5
18 6 18
1 16 5
11 10 5
10 5 5
19 1 5
11 18 5
1 19 5
4 3 5
15 20 12
18 5 5
19 1 5
3 10 12
16 1 5
4 11 19
8 20 12
6 12 12
13 15 12
20 15 12
6 9 5
5 13 5
4 19 19
19 6 5
11 16 17
20 1 12
9 17 17
2 17 5
7 14 5
12 16 5
9 10 5
9 16 17
16 19 19
14 4 4
10 11 5
12 7 12
20 7 2
16 7 5
15 6 12
1 9 5
17 20 5
11 10 5
10 16 5
1 18 18
15 7 12
1 17 5
16 13 5
12 17 5
11 2 5
16 10 5
3 8 12
5 13 5
2 19 5
17 20 5
1 10 10
15 19 5
19 7 5
12 7 12
6 7 7
3 17 5
3 16 5
17 14 19
15 5 5
5 14 5
1 19 5
13 2 2
8 15 10
10 6 12
1 3 12
2 5 5
20 16 5
20 18 18
58 50
28 27 3
38 44 3
56 3 6
54 35 3
58 41 50
15 8 3
53 23 3
22 46 3
46 22 3
46 17 3
50 40 3
48 15 3
42 13 13
43 20 3
20 21 3
3 31 3
24 57 21
29 42 42
51 23 3
13 15 3
37 35 3
18 36 3
29 32 51
45 35 3
49 28 3
54 53 3
54 3 19
6 24 3
11 54 3
54 38 38
50 7 50
5 21 3
23 30 3
3 26 26
20 9 32
33 16 3
20 7 3
52 54 3
16 55 55
52 2 3
20 22 3
36 38 3
53 12 3
43 42 51
16 10 3
8 1 50
54 37 3
48 55 3
42 51 51
33 31 3
51 79
42 45 32
17 47 32
45 40 36
20 47 47
19 35 44
7 48 47
28 39 32
22 7 47
5 13 13
44 4 32
21 33 23
41 9 32
27 6 47
6 34 32
36 8 36
1 42 32
40 35 32
33 3 32
29 4 32
18 30 23
11 18 47
8 25 23
37 40 4
29 39 32
36 43 46
31 32 32
32 35 32
27 30 11
12 26 47
27 45 47
4 43 32
29 4 32
43 15 32
30 44 32
12 26 47
43 35 11
46 16 41
13 17 32
11 29 32
37 27 47
46 51 23
42 44 43
20 39 48
39 8 47
7 15 47
32 8 32
35 41 32
42 45 32
25 26 23
37 14 18
3 20 20
26 20 20
30 51 30
25 50 23
24 38 32
8 45 4
28 35 43
24 23 23
37 19 32
46 48 47
5 46 32
35 13 32
24 17 32
37 47 47
21 35 32
39 15 25
5 26 32
30 34 32
25 13 32
51 3 43
47 36 47
6 41 47
9 42 32
14 34 32
30 5 32
17 36 32
29 14 34
20 30 25
12 7 47
34 79
16 29 3
3 4 3
32 15 15
4 15 15
1 29 3
22 18 3
21 14 14
15 23 15
26 12 3
20 18 28
34 27 28
11 24 3
10 22 6
29 1 3
13 14 3
25 30 6
19 3 3
31 25 6
21 3 3
26 11 26
12 14 28
19 22 3
11 16 3
23 27 3
4 13 3
27 22 3
12 16 28
9 32 3
10 17 3
31 27 3
28 8 28
21 34 28
4 8 8
10 24 3
33 34 28
32 10 3
21 15 15
5 24 28
21 34 28
26 14 3
25 28 3
8 14 8
13 14 3
25 23 3
1 33 8
25 16 3
2 9 3
19 17 3
17 1 3
4 28 28
3 34 3
30 33 3
21 19 8
8 13 3
11 23 3
30 17 3
5 8 8
2 6 3
29 27 3
22 24 3
6 15 15
8 5 8
11 14 3
21 6 3
20 7 3
28 8 28
31 18 3
4 30 3
32 10 3
17 7 3
19 9 8
1 5 1
8 12 28
1 11 3
32 11 3
29 28 3
29 31 6
15 11 15
9 27 8
9 29
8 1 4
4 8 4
6 8 4
6 3 7
5 7 4
1 2 4
1 2 4
4 5 4
7 6 7
2 3 4
1 4 4
4 7 4
7 8 4
8 3 4
8 3 4
1 8 4
9 2 4
4 9 4
8 5 4
4 3 4
7 3 7
8 3 4
8 2 4
2 4 4
1 4 4
5 6 4
3 5 4
6 5 4
6 8 4
41 74
8 32 41
38 13 41
35 27 13
8 17 13
28 7 41
3 16 41
4 3 41
35 30 30
27 12 41
10 14 40
37 10 41
25 28 41
35 24 41
7 8 13
23 25 13
8 21 13
4 22 41
18 24 41
36 8 41
11 32 41
10 11 41
35 18 41
30 16 13
22 39 41
13 23 13
11 36 41
12 34 41
1 33 39
18 1 40
16 27 13
11 27 41
13 33 41
26 36 41
11 37 34
26 25 41
18 26 40
15 9 41
21 26 41
5 2 39
10 18 40
35 8 13
29 2 29
39 33 39
18 19 41
40 2 40
39 21 41
8 20 41
33 21 41
37 12 41
9 4 9
1 29 39
4 26 40
15 23 41
39 28 39
36 39 41
13 17 13
19 15 41
15 32 41
9 5 9
21 41 41
26 1 40
29 26 40
17 1 41
7 32 41
37 7 41
37 41 41
16 21 13
34 12 41
29 24 41
9 23 41
23 37 41
12 27 41
19 26 41
7 2 41
44 104
12 43 39
2 24 8
32 12 39
16 10 39
24 14 8
32 11 15
1 32 39
37 9 39
6 20 39
4 35 28
36 28 39
36 27 27
13 19 8
31 8 8
16 11 8
9 26 18
13 30 39
22 13 39
4 17 18
33 42 5
18 10 39
14 24 8
40 1 1
2 12 8
8 15 8
32 5 39
43 20 39
41 43 10
22 23 39
4 20 8
8 16 8
10 7 39
6 17 39
14 43 39
25 38 39
34 40 8
22 37 39
18 22 39
11 24 8
3 35 39
37 41 39
25 9 39
32 37 39
4 31 28
5 27 39
7 16 8
27 18 9
3 28 39
14 33 34
3 24 39
10 30 29
24 6 39
44 21 39
32 10 29
19 44 8
23 15 15
32 36 29
39 30 39
13 14 8
24 26 8
24 2 8
44 15 8
36 34 39
44 1 28
22 5 39
5 31 9
9 10 39
18 43 29
23 26 8
41 3 29
36 33 39
34 26 8
31 5 28
8 30 39
14 36 39
28 22 39
6 27 27
26 12 18
33 9 8
34 1 8
26 38 18
40 13 8
1 34 8
4 13 8
16 1 8
39 9 39
42 9 39
44 28 28
19 5 8
4 10 39
43 44 39
13 5 12
31 19 8
2 44 8
17 33 8
33 29 39
23 9 8
41 17 39
41 21 41
19 37 39
20 39 39
39 34 39
8 14 8
31 5 28
30 15
27 3 27
24 13 27
28 24 27
4 7 4
18 3 27
17 20 27
27 7 27
22 11 27
13 25 27
9 28 27
17 18 27
8 30 27
21 10 27
20 10 27
25 3 27
13 70
12 5 12
9 11 11
2 3 3
12 11 12
3 2 3
1 11 11
4 1 12
4 8 4
6 10 3
6 8 6
10 8 3
1 9 1
9 5 12
5 11 12
3 5 3
9 4 12
5 9 12
4 12 12
5 10 3
11 13 12
11 5 12
13 12 12
8 2 3
4 7 4
9 8 12
8 4 4
13 7 3
12 5 12
8 6 6
9 8 12
4 10 4
9 6 12
3 10 3
13 4 4
4 9 12
11 8 12
10 9 12
5 3 3
4 1 12
5 10 3
11 9 11
9 5 12
2 10 10
2 11 12
6 5 5
3 7 3
4 1 12
3 6 3
1 3 12
5 9 12
1 7 12
6 9 12
6 13 3
6 11 12
4 10 4
1 13 12
7 13 3
5 4 4
11 1 11
3 2 3
9 13 12
11 5 12
11 9 11
2 10 10
3 6 3
4 9 12
1 2 12
6 4 4
12 4 12
1 6 12
60 120
19 48 32
46 37 46
17 29 38
5 54 38
50 54 38
6 21 56
57 31 46
17 50 38
15 31 32
12 50 56
19 59 38
19 23 46
9 20 49
17 54 38
14 16 56
53 35 26
33 44 38
21 60 56
50 58 38
19 9 32
3 5 46
31 3 32
58 10 46
36 6 56
38 57 38
5 12 38
29 40 56
2 58 46
48 42 60
59 8 36
15 4 38
16 28 38
30 3 38
59 43 38
32 11 38
37 14 38
29 31 38
33 26 26
43 1 46
40 27 56
46 53 38
51 7 38
16 52 38
42 34 46
58 49 15
45 44 44
39 11 56
42 15 32
47 55 38
56 47 56
41 44 38
21 4 38
33 16 56
4 39 38
59 33 56
39 59 56
25 38 38
58 16 38
32 54 38
54 10 38
7 6 56
6 58 38
2 49 46
25 10 46
56 36 56
13 48 38
28 52 45
6 3 18
44 10 46
48 45 15
38 48 38
31 40 38
58 14 38
2 36 38
18 24 32
18 58 15
24 5 46
22 46 38
44 10 46
39 58 31
48 35 38
15 6 38
59 51 38
60 24 38
35 5 38
52 16 38
31 57 46
5 47 38
50 36 14
41 29 38
39 43 38
54 15 38
47 56 56
48 22 38
59 43 38
6 50 56
44 9 44
46 16 38
13 57 38
12 51 38
57 41 38
3 15 15
43 29 18
9 1 15
19 4 44
30 34 38
19 27 48
11 10 38
22 36 14
58 43 46
6 55 38
26 43 38
18 45 15
46 37 46
47 20 38
22 5 38
6 34 52
38 21 38
22 42 38
42 40 38
24 89
3 4 11
11 20 23
6 4 11
9 6 23
18 16 23
19 15 23
4 3 11
19 20 23
2 6 23
24 18 23
1 17 23
8 18 23
8 21 23
18 8 23
14 5 18
23 10 23
3 14 23
4 3 11
23 17 23
5 7 19
14 10 23
2 11 23
18 12 23
14 7 23
24 10 23
14 18 23
13 19 23
8 10 23
16 24 23
22 11 11
11 2 23
16 20 23
2 14 23
5 8 23
9 2 23
10 16 16
1 15 23
8 19 23
19 23 23
2 23 23
3 5 23
20 15 23
14 9 23
13 21 23
3 11 11
13 22 23
6 5 23
7 11 23
8 20 23
7 12 23
23 13 21
20 5 23
17 1 23
18 24 23
11 16 11
3 24 23
14 2 23
11 13 23
1 8 23
11 24 23
13 2 2
1 20 23
11 21 11
4 14 23
1 20 23
21 2 23
4 6 11
21 7 23
20 11 23
19 8 23
20 4 23
5 23 23
1 22 22
7 19 19
1 23 23
11 2 23
22 2 23
16 7 23
18 23 23
6 5 23
10 11 11
5 17 23
21 14 23
3 11 11
20 15 23
20 13 23
9 2 23
18 2 23
17 5 23
53 13
11 28 11
50 30 11
3 30 45
35 52 45
11 30 11
43 21 25
43 20 45
44 38 11
47 36 45
46 22 45
33 8 11
35 47 45
20 24 45
41 45
25 35 1
16 9 21
23 12 1
24 38 1
23 40 1
26 5 29
36 14 2
9 31 1
27 32 1
20 33 1
12 8 8
39 40 39
19 24 1
22 36 1
34 28 1
16 32 21
8 17 1
34 9 1
4 32 1
24 18 2
38 2 1
5 11 5
10 19 29
22 10 1
29 4 1
33 8 1
19 7 29
40 10 10
40 2 1
30 9 1
38 40 21
13 10 1
16 8 8
33 15 1
19 8 29
20 23 1
33 28 1
18 17 1
37 20 1
29 36 1
28 23 1
22 28 22
21 32 21
2 26 1
28 37 1
50 111
8 17 23
26 2 5
11 13 5
1 6 5
30 46 5
18 17 5
10 32 5
32 19 5
32 34 5
50 29 36
49 6 5
34 19 5
44 42 5
3 22 5
7 22 5
4 41 19
31 15 5
30 15 30
44 8 5
32 19 5
34 17 5
47 19 5
39 41 5
17 45 23
39 35 5
33 36 5
47 42 36
6 38 30
14 48 44
17 47 5
47 18 5
13 15 5
7 1 13
19 33 5
29 12 5
42 47 36
41 43 5
8 38 5
4 46 5
7 36 5
11 23 5
24 26 5
22 43 43
27 50 5
35 22 5
26 32 5
50 8 5
11 9 5
45 48 5
16 7 13
35 18 5
32 41 5
17 27 5
7 49 5
25 39 5
6 46 5
6 17 5
24 14 5
6 3 5
23 49 5
6 11 5
49 41 5
46 36 36
35 42 5
50 32 5
20 25 5
18 43 5
47 1 5
31 25 5
3 2 5
12 26 12
18 34 5
48 42 5
26 4 5
45 8 40
50 25 36
13 29 5
9 8 13
14 6 5
13 22 5
13 2 13
46 3 36
23 31 5
32 18 5
48 22 5
27 47 5
48 41 5
24 3 5
33 11 5
34 14 5
29 6 5
28 32 5
1 14 5
27 32 5
28 22 5
3 21 5
3 4 5
3 7 5
46 9 5
42 48 5
25 1 5
21 7 40
1 34 5
24 16 5
20 23 23
3 50 36
48 37 37
36 31 5
9 31 5
23 33 23
28 12 5
20 78
14 1 13
9 1 9
16 10 16
20 6 8
14 16 13
9 10 18
10 9 18
16 2 16
20 4 8
7 10 8
19 8 16
17 18 5
2 3 2
3 10 10
15 13 8
8 11 8
18 9 18
1 13 13
10 12 12
13 11 18
8 3 3
5 13 8
13 2 8
20 5 8
19 14 16
3 9 18
7 12 12
4 10 8
6 12 12
18 20 18
11 18 18
8 1 8
16 2 16
8 17 8
19 9 16
1 5 8
10 12 12
15 17 8
18 6 8
6 15 15
15 20 8
15 12 12
15 16 16
5 4 10
8 2 11
8 18 8
1 10 18
13 9 13
12 11 12
1 17 13
1 16 16
5 19 16
18 17 18
5 20 8
6 14 8
2 14 18
11 2 18
4 18 8
10 5 8
11 18 18
8 14 8
20 14 18
4 11 8
6 8 8
14 15 8
9 2 8
6 12 12
3 18 18
9 15 8
16 4 16
17 13 13
11 5 8
16 10 16
1 11 11
2 20 8
4 20 8
18 10 18
10 12 12
47 27
10 47 3
30 43 3
25 31 3
25 20 3
3 26 3
16 41 35
24 35 35
2 23 35
45 6 3
43 7 35
4 29 9
12 18 3
13 44 3
39 47 39
44 28 3
27 17 3
34 30 34
39 17 3
30 16 3
5 7 3
9 1 35
46 38 3
40 39 3
40 45 41
27 24 36
8 3 23
6 5 3
