85
87569 13
2819 26765 3461 54059 32781 82721
72076 67669 18983 1766
45270 48097 60625 20032
42599 41855 10800 54603
77804 71532 60350 3758
78342 75071 81529 32138
9770 8035 70870 43354
28671 29890 15087 9382
48513 41066 41374 73422
86693 80893 54905 40166
6131 556 71778 35898
22326 25562 69761 2836
35886 39308 40565 78881
45348 48644 52131 10922
2 1
0 10 0 0 0 11
1 2 3 8
19 19
341171 296101 278091 382787 510974 587669
13 10 262218 302948
5 4 237070 765
4 3 49550 534282
7 5 441663 157937
8 9 536014 233765
14 13 32204 211663
2 4 409775 580198
6 5 195421 539843
5 2 378154 369580
5 2 73360 7033
7 8 530060 60705
6 3 474390 132961
12 13 312226 418812
12 10 489360 63882
6 8 356024 179387
5 2 367079 426546
16 18 355856 57104
11 8 167702 138998
14 13 577747 218999
38333 5
850304 482980 568763 756230 493723 913027
3903 19679 233948 736250
8263 36264 242463 27716
14931 15029 792216 786111
5749 23813 579652 142062
24643 1763 2947 77529
13 9
85249 90636 262723 429796 398484 660787
5 3 501828 542914
10 7 220511 359471
10 12 491809 24233
5 3 110262 207520
10 8 311787 1244
11 10 335816 298896
5 8 40855 369722
9 6 218894 536817
1 3 634625 51159
158612 6
72220 63053 26263 87593 79668 112331
41598 141924 79447 24692
25123 20991 97885 53099
139218 26661 71992 112093
52235 2052 52828 84595
8430 8741 66924 34921
27248 80006 44783 85998
180735 14
418245 366413 86372 768032 70978 900737
154718 85826 39760 642147
138652 170703 514722 455793
139237 147698 888440 251707
160137 78775 553190 334612
171591 56145 28831 185578
135889 58174 539654 105993
155230 4353 797623 445075
170634 154858 363842 620674
163409 47705 721207 647301
110323 177478 277754 411507
61170 21163 315020 450867
26083 92037 18371 349556
50309 91639 275879 107578
116052 168216 431406 434868
10841 13
206396 100887 66799 144563 65971 260773
4927 642 134306 168810
9973 4970 6414 181185
7304 3998 63670 75171
8561 7042 158236 187341
474 2315 67067 177098
8195 9794 129279 205246
9298 905 82241 229658
3952 10182 184031 104777
10811 5467 16696 107586
8769 156 172386 164216
2787 10812 230349 203526
8389 9617 181976 116117
7711 9400 157926 193663
19 13
143095 153963 61822 286653 9797 368513
17 18 37221 70673
10 11 493 38662
11 10 199846 86986
3 4 85546 250056
12 13 268257 235183
17 16 10504 263578
3 5 27504 358821
17 19 176176 7206
4 3 85532 322821
8 7 26360 156889
16 14 30429 341751
9 10 7147 40228
19 17 260990 179012
69327 8
734906 380412 285138 499181 277429 796819
1318 26961 330414 658013
34975 33588 724992 148791
63592 51253 151696 34973
41486 57782 780972 352548
53704 23657 276174 372185
34696 21895 2302 273639
28673 68981 255381 614853
11724 27754 86376 130131
188103 7
468991 593752 152612 593711 5831 983519
57427 28020 457905 325997
181841 182433 91024 451732
181091 85874 798871 360719
138518 126104 973605 449938
88821 100126 520178 776193
56342 8404 232868 102570
17501 163405 610807 546822
14 1
97832 41113 80842 3677 291605 363767
3 1 169661 215751
19 1
1526 3876 5117 3839 4069 5531
7 8 5127 4890
157591 11
382812 613036 93067 178927 183868 768353
54462 51922 399457 362678
43436 32241 97387 340357
111374 106856 389970 418
86136 71380 323007 281488
75480 71052 47963 225186
106492 100582 212394 621059
19794 4217 397800 64477
134608 140960 687774 623520
107500 103731 645659 596049
6744 20521 84768 548510
12896 12582 166159 236953
190515 8
78358 246878 232920 149782 143524 305407
79943 16189 305405 305402
190394 188883 305406 305403
85910 47841 305403 305405
22261 136643 305403 305404
180164 108503 305403 305404
117856 90686 305404 305405
27639 73269 305406 305404
80225 28123 305402 305406
184716 11
262207 249857 265251 72185 357330 502921
114708 174000 273990 73924
132940 44825 223277 213351
99992 56457 83577 222236
25887 85658 437246 170593
15981 31046 446802 116435
7511 75493 48180 198519
87359 118669 81398 365120
173155 135146 386761 502404
13201 58254 265444 166616
71557 174573 285657 225343
70279 81939 90396 198175
11 12
428849 524180 139731 21122 629424 631273
4 2 574340 373201
4 5 265191 196046
5 6 548449 378242
3 6 395928 235222
3 4 151276 153569
10 11 169717 473403
3 2 331302 610865
9 11 579006 295610
8 11 475244 429375
1 4 462490 510794
8 11 485392 138889
10 7 31742 189253
14 11
607670 613073 660268 585310 508747 882851
1 3 610336 383716
9 8 472419 505979
9 12 455319 270910
10 11 183237 657506
6 9 771483 768906
4 5 579002 598746
3 4 87043 374684
5 2 526595 148585
12 13 93563 753413
8 5 351633 359959
14 12 320538 234581
18 4
264859 234983 102269 188610 230214 317333
1 6 253443 184492
4 11 75891 278898
14 18 3777 182701
2 9 43759 131349
102234 18
337244 446916 39433 309156 199934 482683
12270 817 396463 331848
72170 79995 176994 164605
238 14089 147518 282029
56892 62132 87465 128882
22358 8077 271284 427087
61633 19426 246114 330870
91397 79208 161894 225521
38785 52914 84217 277050
82649 15761 87379 5273
59166 44011 76314 324379
3461 2104 195777 98739
88911 52416 305966 402470
28647 26972 474148 413289
7955 69081 471908 194040
92970 61787 201893 20929
43666 54553 131830 386194
28264 102063 56356 258454
86643 93557 114224 374768
194959 18
58744 17760 140212 249265 289390 310223
18283 37758 166694 241872
47861 111124 135952 179507
187808 84524 36861 155311
123530 86993 253984 213748
172254 171342 27259 100819
187801 10979 126487 231603
98520 72155 228911 155824
34841 46294 232040 288020
28878 112387 108601 122925
168944 30065 102383 140462
10556 24139 188798 5275
176945 178436 120467 95861
110116 71405 132491 249008
12940 22606 87446 241845
160633 43345 17928 42657
66524 178585 174458 298307
138809 113001 203530 136315
132701 11528 52246 47308
13275 10
500425 389265 129126 472179 528652 643553
6981 9032 368324 108514
54 8003 415421 156180
6195 8126 397143 559333
11230 7626 286426 316591
12145 1541 423836 146485
5316 13211 209459 157143
1146 12884 519642 160631
12025 5919 119640 95663
9496 9291 48220 516386
7235 12113 16128 270997
8 5
53 25 15 23 54 100
1 8 14 9
3 1 5 7
6 8 2 1
5 4 1 8
8 1 11 10
19 1
188496 381881 541574 510559 723462 839207
2 5 550193 251762
15 11
64743 17394 205529 21757 202237 301153
7 2 222201 265766
8 9 54764 167858
3 14 268061 219836
14 10 121036 249993
13 11 265926 128377
15 13 27445 45730
8 6 37301 274816
14 13 37879 136074
12 6 63183 12203
1 12 62867 288206
2 5 117734 173417
13 1
98304 162206 44623 215231 90342 312971
9 6 282552 225507
181192 17
67586 80266 97136 117026 33813 136727
163169 165195 33921 47021
96377 92346 63720 98612
19269 1602 127463 120065
955 14283 12302 47628
53014 56932 66150 68413
148519 145641 19740 46883
126567 137844 56062 93218
36357 33054 35845 7225
32743 23698 132854 28177
55771 45750 20879 61562
91566 80485 23496 92460
138068 126686 49714 100696
165766 170472 25676 82599
48181 53432 76592 11341
130411 139054 24357 110260
26190 40914 74102 48656
109493 103209 91099 118665
11 14
280131 62503 118462 373083 344786 374977
4 6 88504 230050
4 2 4124 240981
10 11 327489 67683
7 6 285094 268987
9 8 223591 297834
2 5 87737 174540
8 9 118931 274310
8 9 348895 261571
3 5 295917 76037
7 9 82296 298806
3 6 205665 47287
10 8 69880 233178
9 8 193978 312452
6 9 282343 222384
146110 11
549979 279870 221624 379226 24354 602269
107610 13852 340497 497524
111260 23675 389876 525023
125195 1912 501361 344227
51355 138260 184691 26248
669 103669 142461 480320
102106 11299 161696 67164
19463 135881 388494 425244
16375 97694 70545 543079
135231 21470 68154 77818
6853 125786 120811 65373
96879 10756 164210 315999
11 15
54847 366892 75595 272300 857372 986437
3 5 565816 153385
10 8 895196 677589
8 7 692065 371995
3 4 616155 920340
8 11 285757 438252
8 7 716179 599238
8 5 402446 392023
9 10 928934 118651
3 4 243377 312212
4 1 54485 539443
1 2 815156 965788
9 11 333467 800131
9 8 67907 956095
5 8 445052 466589
5 3 929057 432223
181297 13
53846 206069 116033 533529 241396 566173
10698 21831 214777 76812
167578 152842 131659 522127
167790 154274 58968 319016
143764 130029 169497 8619
158377 167443 217129 404044
7009 14889 461818 342930
23554 7736 54206 174185
141513 148665 526790 83667
12204 16737 260048 319118
178355 177471 98987 115756
132041 136332 1107 249107
21139 14479 340300 471340
78146 94035 145340 367037
12 9
338073 635342 19766 792201 225365 891329
3 2 677817 6448
5 3 654140 345881
8 7 215399 242612
12 11 240953 584314
10 12 461469 51642
6 8 188462 790644
4 6 295467 177612
12 11 391906 732740
9 8 642916 47394
13 6
759408 485163 202906 584577 17398 852661
7 10 12007 593282
3 5 366053 171265
6 3 115285 787023
8 10 531497 490332
7 4 730157 496691
8 7 815457 147118
17 12
6259 93934 186612 274305 67466 314339
11 4 136357 91448
10 3 223254 239758
14 6 53561 45350
9 12 282250 14895
8 17 262203 201140
8 1 95359 202726
10 9 274730 293946
10 16 300383 165209
8 15 157039 218392
8 15 164664 215803
6 14 195743 127407
17 11 243084 306282
14 1
45182 18695 90703 21276 73287 93253
6 4 33538 89113
14 8
61771 20879 208922 77232 16496 222323
3 10 129541 189765
5 3 2325 168221
7 5 13472 19087
3 13 25895 210643
1 11 144729 162455
9 7 113499 141084
8 7 58411 200425
13 6 214749 111225
5 1
50 59 0 1 96 100
1 5 2 1
12 11
709373 283307 244390 600053 359563 722069
10 8 358718 407204
9 8 385636 127093
9 8 656946 244729
9 7 383955 689453
10 8 687064 175561
6 4 368193 341497
10 8 113561 552812
5 6 712484 51877
8 9 5159 202754
6 5 562769 125379
3 5 565451 492315
154205 7
75386 130076 574754 192848 831690 866093
19666 13855 542647 499751
127663 133052 343710 320640
147992 117093 168658 706215
67449 16650 569251 267422
6954 90460 280414 109280
53074 117953 341314 214897
106294 34786 559450 237550
17 3
142435 40539 103912 153074 20515 185309
1 4 105097 10024
13 14 64413 125961
6 7 31457 40405
14 8
377700 385841 304215 448392 182284 601981
11 9 131411 495202
8 9 200991 428335
4 3 43536 591929
12 11 209201 531704
4 6 25801 488894
5 3 563423 513284
7 5 146770 500865
10 12 315634 209548
200000 7
143134 6139 132875 121527 127239 249427
14865 169313 143936 69321
199349 90994 136841 181996
118434 32266 45436 146418
195232 31680 31459 171076
89152 127739 40221 38778
95777 64757 5208 236730
129118 173794 194829 39998
11 8
563092 294517 100891 268776 344659 768923
5 2 584954 30090
7 10 102971 254244
9 6 554301 129841
10 4 454217 228878
5 6 122621 680340
7 10 757190 593202
11 7 271761 452518
11 1 497734 566307
16 10
10784 15786 44542 218491 57331 224401
10 9 224398 224400
3 6 224397 224399
13 11 224399 224400
8 9 224397 224397
9 11 224399 224397
10 13 224398 224398
4 3 224398 224400
7 5 224399 224398
10 11 224397 224400
13 11 224398 224397
198082 17
20879 7213 21194 27818 28198 41513
183487 122056 36225 24495
91525 73161 33683 18432
178489 109664 40849 7352
130671 159961 9602 8142
162110 102503 12082 8771
37829 42774 2955 19038
158178 189772 2593 5021
140831 141640 17056 24372
143893 173783 36572 11529
138402 150982 19455 20366
139491 120519 25677 17623
29528 119237 38339 40747
40128 60242 32748 13730
177707 187290 22311 17914
85969 52211 40568 9859
8044 102290 39062 30263
190334 145496 26392 38071
186004 1
309911 28266 12674 285305 83030 328847
139515 168984 149608 305157
12 2
37245 744006 442941 264267 349501 802759
4 7 666669 270085
9 2 106782 150760
183674 20
91279 237236 261343 230465 7867 304069
93604 9619 290312 225056
129790 154939 221319 32020
139141 147380 83875 132408
129268 116434 149883 14612
105234 130301 147735 94938
61631 139999 187040 142859
118314 171267 98610 9050
59655 173018 167116 63157
127962 48377 146431 279474
108763 92805 97736 300074
16286 119799 250116 256038
132331 180177 155821 162622
106247 49988 143372 155374
83792 136378 220697 54091
69199 178012 113220 268874
101884 149816 100881 247652
48366 59420 58079 229221
66387 116570 3777 144759
61995 6089 148603 173249
155732 28526 184653 92390
17 17
151416 153790 94325 248000 188153 261557
15 14 257044 175382
6 7 163063 248648
12 10 41775 19046
8 9 203449 250849
8 9 55007 173721
1 2 215315 235519
9 8 78400 78375
16 17 164570 69204
11 9 251093 240046
3 5 251074 141013
11 9 40744 28408
17 16 50518 177735
15 14 36815 57493
8 6 183897 189590
13 12 183774 92143
12 11 114019 618
7 5 143405 126690
100000 5
72464 815932 291056 735002 4758 972844
68327 29055 2880 3051
98105 26231 3531 3141
4018 31397 2797 3619
92594 65725 3824 3003
81932 8087 3372 3158
11 9
211450 275558 400870 257498 304686 751351
3 6 327654 273052
4 3 667611 707945
1 2 229835 103665
5 3 683962 458175
9 11 675332 284539
11 10 677037 281773
8 10 615981 137369
7 10 393116 644127
11 8 666505 360736
17 10
141112 30372 178093 239780 370699 407219
16 9 266637 105618
5 6 324171 367121
14 9 29799 79391
13 8 317863 385366
8 4 318147 101257
13 17 149363 212325
12 13 368207 190878
17 12 288015 300576
10 3 239344 98492
15 5 283643 171794
17760 12
101472 297613 125425 390196 498248 557041
17009 1992 116738 17066
862 6330 546439 10389
1315 622 512752 423889
10624 3644 29631 364512
6702 4750 414356 304702
5554 13420 7025 555709
7248 2402 97715 119372
7447 2001 188564 466763
10394 11311 34507 145647
14367 7227 453281 261179
8912 2145 196096 419906
4047 6758 231624 543522
13 5
454422 47411 317726 511076 227492 756293
12 10 335467 432845
12 11 305960 732058
5 2 223719 169636
11 9 550709 255402
8 5 581962 492871
197410 8
366330 604779 453676 685072 330821 758741
38840 151061 45977 322031
116793 165394 32620 709221
43561 31409 632219 745288
77495 94448 51618 307412
60180 185478 18586 498214
23191 71635 4651 74943
165446 120092 371098 386817
52457 112913 472838 586772
79368 7
633040 701483 665665 854846 857836 867689
27423 30917 257612 729298
45941 23123 84993 312672
46738 10280 131473 47838
34347 39679 555237 822552
619 19234 692230 317964
20689 3093 827511 748625
17522 33658 668797 272136
131441 17
239290 198909 623657 597209 389399 961661
114410 127546 605953 959166
74968 24106 276317 323070
124535 53356 467801 826132
89983 121226 708719 112010
119713 77556 572263 774157
74917 38024 780331 683940
62922 28182 67979 384289
3421 119316 842661 625812
34564 130806 945223 408442
38314 70912 161034 234497
108721 102058 430278 747428
55096 26090 253087 940663
4962 4887 321390 166480
35469 129107 855984 493034
17980 35432 513069 291827
122968 50555 457130 866595
10338 121464 225332 551036
16 4
73012 192231 171620 84460 185441 203821
13 8 195029 91377
12 3 140743 138930
3 5 64991 13948
16 7 41681 130587
187784 2
3783 257953 65130 415084 67949 469363
78575 63031 411186 407869
26318 12822 404460 207988
26147 6
26945 12354 30249 8898 2938 37447
13493 974 15554 24347
17379 7489 6913 21432
5950 1223 27318 7405
17525 16999 17243 33292
12960 10534 36843 18033
10208 16732 25922 33621
5 2
46 38 2 4 44 50
4 1 3 2
3 5 4 1
198624 15
83941 337479 408412 342954 159753 482641
193262 66112 198887 31124
196800 55268 165553 354014
192301 2428 228754 351598
162676 1998 343448 396799
161468 10588 62492 361824
126730 1888 332730 271893
56936 160470 171338 54597
165351 43640 341972 88992
148919 18060 20862 412988
47237 156747 438975 300940
134236 21017 327798 179582
128983 25542 117466 367226
34488 155415 468448 253846
164569 26968 93811 354482
34633 159346 127649 319766
16 20
242382 351997 113954 340440 345310 398591
6 8 6786 266281
11 13 34517 183375
3 2 84485 277657
8 10 209871 357235
12 14 186302 87740
6 8 95038 78047
13 14 335496 193409
3 2 2474 218836
9 7 363715 178697
7 9 363130 316379
9 11 7147 60924
10 12 123907 371717
14 13 352815 122836
9 11 103809 251732
7 6 176111 323159
7 8 139343 151799
12 10 375066 160641
5 6 86628 351935
11 9 249634 161787
3 4 345178 253523
16 3
11239 20072 17053 1131 16676 22567
6 8 13505 1231
12 11 3164 17563
16 14 9335 14174
11 7
433393 721652 733903 419038 745068 846943
6 5 135512 753719
5 3 416960 112876
3 5 463729 575643
6 5 661730 547909
3 4 607681 803243
9 11 167575 499529
7 6 262363 361569
17 3
30830 203666 322891 557626 111537 560941
6 17 331311 193982
1 12 446880 549916
16 5 188871 392743
14 2
117560 521622 557587 436600 703834 918223
11 8 72266 307941
5 3 65679 348651
190215 11
471323 876781 738996 209426 354746 966817
144185 122759 714742 643208
15243 186143 509492 168807
185143 154748 702683 348278
118278 70698 361995 205868
164223 110390 551859 189760
185843 71738 641578 649606
189589 134444 5670 900113
185023 95786 630999 606811
58348 110727 722670 63707
23469 182410 230781 197649
44440 60174 632318 117683
155346 15
429211 551746 411100 73018 494154 894451
53319 133178 64720 289268
49302 11951 671395 16371
30335 24672 689892 811733
43138 12039 234983 204856
9741 144425 786069 93353
55447 145991 742444 348091
3113 125738 272318 467426
18650 55648 136445 330722
23551 131003 19579 442532
81441 103045 872873 501561
130540 95435 132579 565104
24210 123844 592274 558064
68001 9377 226407 514090
111026 152036 886004 626283
21353 49515 73478 809495
117001 10
515836 411135 333456 338046 140471 548869
26266 69517 255794 82543
78276 39331 523518 194816
15062 47688 537764 222127
98737 37116 178107 174749
69168 66015 266670 475855
10546 55163 106116 144409
62818 46815 416591 525246
51285 16674 361454 526987
11799 64944 135837 7292
20396 30385 72823 272527
15 5
159325 74682 131617 114099 133208 215927
10 6 104897 148956
5 11 157826 74251
7 4 102105 161110
12 8 114977 43305
15 2 46490 125204
186600 12
88068 222109 333156 74714 377476 385943
21917 26773 78411 186848
72835 76870 358748 206281
113049 104418 103419 340075
157998 173769 302929 14301
140692 133302 43036 221252
38829 35419 147319 20648
129123 134946 311368 269090
121158 122796 54797 345599
25033 36743 199216 315900
65197 51228 248154 346325
150950 152187 381202 74708
70202 84864 136000 305806
195980 18
65067 10331 64224 98702 75957 103619
16543 187051 37112 33585
108713 135801 30233 102659
186163 141431 40272 14052
57881 71040 65776 81741
107660 107830 88115 97268
117227 40355 40341 56502
39967 93726 6147 99657
7685 50315 63382 103361
26511 99787 83843 14364
26152 44137 39514 94019
128402 183155 6309 74156
234 40589 5052 43143
138581 4325 41855 5146
34097 149606 68597 23094
187956 161863 5311 61449
100087 105865 37141 78842
112379 24113 73738 60362
182732 106661 78875 4514
11 2
172353 480890 475380 518207 179360 535607
9 2 360032 97320
10 3 299042 201031
16 10
588742 131940 66093 576253 114817 705191
8 5 549082 169377
16 13 147594 684591
12 11 11753 546054
16 14 570047 175282
1 4 286865 556821
7 10 183220 24980
11 13 569387 320150
16 15 699636 585003
3 6 277745 676467
9 11 124612 581631
184525 15
306615 467167 518881 177522 30459 647033
101377 173774 345015 236163
62526 106301 437513 270765
76388 177577 180689 143711
77742 125643 77524 369079
7567 39907 327608 518638
171067 164610 154320 390081
175471 142421 106214 111648
26201 125099 85960 416961
13587 11890 347076 645901
28757 111509 226994 630675
58451 103286 379804 453538
129184 149114 94913 548911
169170 61641 575648 204329
40727 114968 536426 35805
175072 159019 447286 420269
197592 7
233223 143174 257970 277155 359854 494041
69670 110979 192208 177764
90739 15213 92447 211504
134128 123297 87432 298915
94513 2719 117773 399802
155141 125278 360502 158077
67491 11994 201019 239005
144085 163457 133977 51186
13 10
95277 320347 356404 394366 174021 829229
13 12 347402 797555
9 4 252937 805095
5 7 649296 418283
2 5 250371 247089
4 10 538989 526592
6 10 317007 64722
5 3 290475 178960
2 7 783547 215345
13 5 340485 299847
7 12 98465 323921
150992 19
3320 22335 21492 26169 143 28901
89385 17004 3962 11375
15853 57686 4497 25047
333 64252 5029 13412
77294 21235 7880 13779
48455 27601 2674 9013
112957 45576 17959 14210
7417 92480 10748 15710
4183 114291 6965 24801
50654 68290 3710 5860
90391 27285 2692 15660
92107 136464 24360 9462
130718 58049 26737 787
130610 19285 28025 2448
15274 113338 1907 9790
89084 135727 17753 17722
150737 98872 11736 19916
137324 144222 24999 22662
2548 26707 16863 23424
61888 7843 22928 13710
188103 2
359949 12652 224142 696884 829061 833711
128856 88498 642548 596944
119211 89201 739065 535871
19 9
376981 181123 183794 236259 243111 419053
3 4 411245 193973
9 10 273060 246581
18 15 311192 90757
8 5 377380 300386
16 17 73230 145409
7 4 6879 164123
13 12 245931 263860
7 6 131362 170246
11 8 17911 164626
16 7
639754 374957 76869 210943 58188 691829
4 1 211455 218468
11 9 273814 668605
6 3 102615 440730
8 7 603636 565420
10 11 426356 52845
6 4 114362 415996
16 14 409666 252724
180083 9
227437 81712 91468 193555 117906 235177
87636 20118 57402 71355
179755 179441 172746 10726
50727 72699 131530 168382
97737 37792 207123 213270
165430 169943 34455 212743
97461 148154 219248 184283
166475 89231 13444 153941
149410 140574 189627 163156
59820 22455 57286 206801
149395 9
112226 697446 221305 65471 490807 739183
15286 100060 233148 499294
135924 119286 350695 407709
65741 25387 129255 602228
30143 61022 726037 190719
147792 45491 666572 543959
10125 80182 464662 236363
14106 70562 441598 292541
61093 15644 256687 362334
37215 144165 84575 61807
199723 3
364262 670898 352445 674205 627695 784327
183403 79423 342281 382636
15424 97072 637919 549319
70430 18710 191729 523382
